1.000000000000000021e-02 1.000000000000000021e-02 1.000000000000000021e-02 7.341857308240582049e+07
3.578947368421052377e-02 3.578947368421052377e-02 1.000000000000000021e-02 1.097960244967283607e+08
3.578947368421052377e-02 3.578947368421052377e-02 3.578947368421052377e-02 4.879499577986595780e+07
6.157894736842105254e-02 3.578947368421052377e-02 3.578947368421052377e-02 2.319983874452015460e+08
6.157894736842105254e-02 6.157894736842105254e-02 1.000000000000000021e-02 9.730963646173392236e+07
6.157894736842105254e-02 6.157894736842105254e-02 3.578947368421052377e-02 5.487729198113831133e+07
6.157894736842105254e-02 6.157894736842105254e-02 6.157894736842105254e-02 2.510868939979049936e+07
8.736842105263156744e-02 6.157894736842105254e-02 3.578947368421052377e-02 1.866610403306634426e+08
8.736842105263156744e-02 6.157894736842105254e-02 6.157894736842105254e-02 4.785082039887001365e+07
8.736842105263156744e-02 8.736842105263156744e-02 1.000000000000000021e-02 7.714142259399215877e+07
8.736842105263156744e-02 8.736842105263156744e-02 3.578947368421052377e-02 5.104666077121078223e+07
8.736842105263156744e-02 8.736842105263156744e-02 6.157894736842105254e-02 2.422307051276575401e+07
8.736842105263156744e-02 8.736842105263156744e-02 8.736842105263156744e-02 1.461280193070916831e+07
1.131578947368420962e-01 6.157894736842105254e-02 6.157894736842105254e-02 1.465292113812295794e+08
1.131578947368420962e-01 8.736842105263156744e-02 3.578947368421052377e-02 1.465439037536739111e+08
1.131578947368420962e-01 8.736842105263156744e-02 6.157894736842105254e-02 4.462531005636280030e+07
1.131578947368420962e-01 8.736842105263156744e-02 8.736842105263156744e-02 1.936666968488834426e+07
1.131578947368420962e-01 1.131578947368420962e-01 1.000000000000000021e-02 5.858778408012478799e+07
1.131578947368420962e-01 1.131578947368420962e-01 3.578947368421052377e-02 4.163167676957145333e+07
1.131578947368420962e-01 1.131578947368420962e-01 6.157894736842105254e-02 2.256637571484472975e+07
1.131578947368420962e-01 1.131578947368420962e-01 8.736842105263156744e-02 1.280678586251398362e+07
1.131578947368420962e-01 1.131578947368420962e-01 1.131578947368420962e-01 8.807675863205173984e+06
1.389473684210526250e-01 8.736842105263156744e-02 6.157894736842105254e-02 1.058818091405251175e+08
1.389473684210526250e-01 8.736842105263156744e-02 8.736842105263156744e-02 3.802040130704663694e+07
1.389473684210526250e-01 1.131578947368420962e-01 3.578947368421052377e-02 9.832935712974423170e+07
1.389473684210526250e-01 1.131578947368420962e-01 6.157894736842105254e-02 3.436119055868869275e+07
1.389473684210526250e-01 1.131578947368420962e-01 8.736842105263156744e-02 1.674155669963636063e+07
1.389473684210526250e-01 1.131578947368420962e-01 1.131578947368420962e-01 9.554398248744232580e+06
1.389473684210526250e-01 1.389473684210526250e-01 1.000000000000000021e-02 4.950978880693146586e+07
1.389473684210526250e-01 1.389473684210526250e-01 3.578947368421052377e-02 3.629121876490591466e+07
1.389473684210526250e-01 1.389473684210526250e-01 6.157894736842105254e-02 2.096702982733457163e+07
1.389473684210526250e-01 1.389473684210526250e-01 8.736842105263156744e-02 1.259448265361529961e+07
1.389473684210526250e-01 1.389473684210526250e-01 1.131578947368420962e-01 7.983436255929021165e+06
1.389473684210526250e-01 1.389473684210526250e-01 1.389473684210526250e-01 6.627843778814880177e+06
1.647368421052631537e-01 8.736842105263156744e-02 8.736842105263156744e-02 7.816958222809323668e+07
1.647368421052631537e-01 1.131578947368420962e-01 6.157894736842105254e-02 7.674726094349494576e+07
1.647368421052631537e-01 1.131578947368420962e-01 8.736842105263156744e-02 3.035308028075931594e+07
1.647368421052631537e-01 1.131578947368420962e-01 1.131578947368420962e-01 1.433179482718510553e+07
1.647368421052631537e-01 1.389473684210526250e-01 3.578947368421052377e-02 9.144666795121778548e+07
1.647368421052631537e-01 1.389473684210526250e-01 6.157894736842105254e-02 3.188824614943742752e+07
1.647368421052631537e-01 1.389473684210526250e-01 8.736842105263156744e-02 1.614820098540249839e+07
1.647368421052631537e-01 1.389473684210526250e-01 1.131578947368420962e-01 9.214883197482055053e+06
1.647368421052631537e-01 1.389473684210526250e-01 1.389473684210526250e-01 6.759680045648213476e+06
1.647368421052631537e-01 1.647368421052631537e-01 1.000000000000000021e-02 3.924976995637228340e+07
1.647368421052631537e-01 1.647368421052631537e-01 3.578947368421052377e-02 2.938413236966659501e+07
1.647368421052631537e-01 1.647368421052631537e-01 6.157894736842105254e-02 1.774880501404266059e+07
1.647368421052631537e-01 1.647368421052631537e-01 8.736842105263156744e-02 1.121108972749887034e+07
1.647368421052631537e-01 1.647368421052631537e-01 1.131578947368420962e-01 7.217518799659033306e+06
1.647368421052631537e-01 1.647368421052631537e-01 1.389473684210526250e-01 5.591900472888217308e+06
1.647368421052631537e-01 1.647368421052631537e-01 1.647368421052631537e-01 4.541147396397357807e+06
1.905263157894736825e-01 1.131578947368420962e-01 8.736842105263156744e-02 5.445742934942105412e+07
1.905263157894736825e-01 1.131578947368420962e-01 1.131578947368420962e-01 2.324303808941470832e+07
1.905263157894736825e-01 1.389473684210526250e-01 6.157894736842105254e-02 6.438736058367335051e+07
1.905263157894736825e-01 1.389473684210526250e-01 8.736842105263156744e-02 2.659836348936800659e+07
1.905263157894736825e-01 1.389473684210526250e-01 1.131578947368420962e-01 1.321604681752823293e+07
1.905263157894736825e-01 1.389473684210526250e-01 1.389473684210526250e-01 8.599571029874786735e+06
1.905263157894736825e-01 1.647368421052631537e-01 3.578947368421052377e-02 6.359944954776491970e+07
1.905263157894736825e-01 1.647368421052631537e-01 6.157894736842105254e-02 2.447363536748031154e+07
1.905263157894736825e-01 1.647368421052631537e-01 8.736842105263156744e-02 1.335617644802775234e+07
1.905263157894736825e-01 1.647368421052631537e-01 1.131578947368420962e-01 8.033094314784837887e+06
1.905263157894736825e-01 1.647368421052631537e-01 1.389473684210526250e-01 5.942739617931895889e+06
1.905263157894736825e-01 1.647368421052631537e-01 1.647368421052631537e-01 4.481707476585476659e+06
1.905263157894736825e-01 1.905263157894736825e-01 1.000000000000000021e-02 3.425588357468333095e+07
1.905263157894736825e-01 1.905263157894736825e-01 3.578947368421052377e-02 2.591865678618639708e+07
1.905263157894736825e-01 1.905263157894736825e-01 6.157894736842105254e-02 1.600495609816138074e+07
1.905263157894736825e-01 1.905263157894736825e-01 8.736842105263156744e-02 1.038973756387046725e+07
1.905263157894736825e-01 1.905263157894736825e-01 1.131578947368420962e-01 6.833682324245402589e+06
1.905263157894736825e-01 1.905263157894736825e-01 1.389473684210526250e-01 5.304375806128978729e+06
1.905263157894736825e-01 1.905263157894736825e-01 1.647368421052631537e-01 4.068687395067313220e+06
1.905263157894736825e-01 1.905263157894736825e-01 1.905263157894736825e-01 3.641065186379430350e+06
2.163157894736842113e-01 1.131578947368420962e-01 1.131578947368420962e-01 3.829214173809742182e+07
2.163157894736842113e-01 1.389473684210526250e-01 8.736842105263156744e-02 4.567376427523203194e+07
2.163157894736842113e-01 1.389473684210526250e-01 1.131578947368420962e-01 2.046586823313242570e+07
2.163157894736842113e-01 1.389473684210526250e-01 1.389473684210526250e-01 1.217394835448276065e+07
2.163157894736842113e-01 1.647368421052631537e-01 6.157894736842105254e-02 4.785415292159866542e+07
2.163157894736842113e-01 1.647368421052631537e-01 8.736842105263156744e-02 2.077841360312625766e+07
2.163157894736842113e-01 1.647368421052631537e-01 1.131578947368420962e-01 1.089401865201206505e+07
2.163157894736842113e-01 1.647368421052631537e-01 1.389473684210526250e-01 7.356122600455864333e+06
2.163157894736842113e-01 1.647368421052631537e-01 1.647368421052631537e-01 5.010131551431813277e+06
2.163157894736842113e-01 1.905263157894736825e-01 3.578947368421052377e-02 5.748731805306520313e+07
2.163157894736842113e-01 1.905263157894736825e-01 6.157894736842105254e-02 2.207839620233453438e+07
2.163157894736842113e-01 1.905263157894736825e-01 8.736842105263156744e-02 1.223537579318691045e+07
2.163157894736842113e-01 1.905263157894736825e-01 1.131578947368420962e-01 7.503304902828231454e+06
2.163157894736842113e-01 1.905263157894736825e-01 1.389473684210526250e-01 5.606154495102990419e+06
2.163157894736842113e-01 1.905263157894736825e-01 1.647368421052631537e-01 4.119236582171358634e+06
2.163157894736842113e-01 1.905263157894736825e-01 1.905263157894736825e-01 3.521248352803873364e+06
2.163157894736842113e-01 2.163157894736842113e-01 1.000000000000000021e-02 2.956491512169676274e+07
2.163157894736842113e-01 2.163157894736842113e-01 3.578947368421052377e-02 2.253620880605368316e+07
2.163157894736842113e-01 2.163157894736842113e-01 6.157894736842105254e-02 1.413400344941068068e+07
2.163157894736842113e-01 2.163157894736842113e-01 8.736842105263156744e-02 9.356559415371432900e+06
2.163157894736842113e-01 2.163157894736842113e-01 1.131578947368420962e-01 6.269272583648335189e+06
2.163157894736842113e-01 2.163157894736842113e-01 1.389473684210526250e-01 4.916695799683241174e+06
2.163157894736842113e-01 2.163157894736842113e-01 1.647368421052631537e-01 3.713221771887626965e+06
2.163157894736842113e-01 2.163157894736842113e-01 1.905263157894736825e-01 3.195373935514532495e+06
2.163157894736842113e-01 2.163157894736842113e-01 2.163157894736842113e-01 2.857245232672669459e+06
2.421052631578947401e-01 1.389473684210526250e-01 1.131578947368420962e-01 3.172110025235111266e+07
2.421052631578947401e-01 1.389473684210526250e-01 1.389473684210526250e-01 1.777287160063298792e+07
2.421052631578947401e-01 1.647368421052631537e-01 8.736842105263156744e-02 3.406381904655010998e+07
2.421052631578947401e-01 1.647368421052631537e-01 1.131578947368420962e-01 1.595398692074330524e+07
2.421052631578947401e-01 1.647368421052631537e-01 1.389473684210526250e-01 9.913990597936850041e+06
2.421052631578947401e-01 1.647368421052631537e-01 1.647368421052631537e-01 6.177738022413223982e+06
2.421052631578947401e-01 1.905263157894736825e-01 6.157894736842105254e-02 4.184468526926176250e+07
2.421052631578947401e-01 1.905263157894736825e-01 8.736842105263156744e-02 1.847503274390415847e+07
2.421052631578947401e-01 1.905263157894736825e-01 1.131578947368420962e-01 9.907045153589356691e+06
2.421052631578947401e-01 1.905263157894736825e-01 1.389473684210526250e-01 6.821182078704614192e+06
2.421052631578947401e-01 1.905263157894736825e-01 1.647368421052631537e-01 4.660042472780386917e+06
2.421052631578947401e-01 1.905263157894736825e-01 1.905263157894736825e-01 3.749690484839171171e+06
2.421052631578947401e-01 2.163157894736842113e-01 3.578947368421052377e-02 4.790705627031280845e+07
2.421052631578947401e-01 2.163157894736842113e-01 6.157894736842105254e-02 1.898977993878127635e+07
2.421052631578947401e-01 2.163157894736842113e-01 8.736842105263156744e-02 1.079950827526502684e+07
2.421052631578947401e-01 2.163157894736842113e-01 1.131578947368420962e-01 6.773127871799179353e+06
2.421052631578947401e-01 2.163157894736842113e-01 1.389473684210526250e-01 5.140849052338901907e+06
2.421052631578947401e-01 2.163157894736842113e-01 1.647368421052631537e-01 3.776157175875395536e+06
2.421052631578947401e-01 2.163157894736842113e-01 1.905263157894736825e-01 3.172539181700492743e+06
2.421052631578947401e-01 2.163157894736842113e-01 2.163157894736842113e-01 2.745538582387863658e+06
2.421052631578947401e-01 2.421052631578947401e-01 1.000000000000000021e-02 2.610695646667307615e+07
2.421052631578947401e-01 2.421052631578947401e-01 3.578947368421052377e-02 1.999473298619823530e+07
2.421052631578947401e-01 2.421052631578947401e-01 6.157894736842105254e-02 1.266371895953345671e+07
2.421052631578947401e-01 2.421052631578947401e-01 8.736842105263156744e-02 8.489406956895176321e+06
2.421052631578947401e-01 2.421052631578947401e-01 1.131578947368420962e-01 5.761723747616605833e+06
2.421052631578947401e-01 2.421052631578947401e-01 1.389473684210526250e-01 4.563432035803600214e+06
2.421052631578947401e-01 2.421052631578947401e-01 1.647368421052631537e-01 3.442396309971997049e+06
2.421052631578947401e-01 2.421052631578947401e-01 1.905263157894736825e-01 2.928852169656935148e+06
2.421052631578947401e-01 2.421052631578947401e-01 2.163157894736842113e-01 2.535384353652145248e+06
2.421052631578947401e-01 2.421052631578947401e-01 2.421052631578947401e-01 2.314146490888764150e+06
2.678947368421052411e-01 1.389473684210526250e-01 1.389473684210526250e-01 2.586438912935416028e+07
2.678947368421052411e-01 1.647368421052631537e-01 1.131578947368420962e-01 2.356385763189861178e+07
2.678947368421052411e-01 1.647368421052631537e-01 1.389473684210526250e-01 1.372890356556773931e+07
2.678947368421052411e-01 1.647368421052631537e-01 1.647368421052631537e-01 7.999858605695590377e+06
2.678947368421052411e-01 1.905263157894736825e-01 8.736842105263156744e-02 2.919699118718318269e+07
2.678947368421052411e-01 1.905263157894736825e-01 1.131578947368420962e-01 1.398579983356240764e+07
2.678947368421052411e-01 1.905263157894736825e-01 1.389473684210526250e-01 8.897021292147900909e+06
2.678947368421052411e-01 1.905263157894736825e-01 1.647368421052631537e-01 5.654892916899845004e+06
2.678947368421052411e-01 1.905263157894736825e-01 1.905263157894736825e-01 4.288984663473304361e+06
2.678947368421052411e-01 2.163157894736842113e-01 6.157894736842105254e-02 3.440372818489766866e+07
2.678947368421052411e-01 2.163157894736842113e-01 8.736842105263156744e-02 1.564440955145474337e+07
2.678947368421052411e-01 2.163157894736842113e-01 1.131578947368420962e-01 8.630739708573764190e+06
2.678947368421052411e-01 2.163157894736842113e-01 1.389473684210526250e-01 6.082034147336861119e+06
2.678947368421052411e-01 2.163157894736842113e-01 1.647368421052631537e-01 4.216377027243066579e+06
2.678947368421052411e-01 2.163157894736842113e-01 1.905263157894736825e-01 3.398931091582076624e+06
2.678947368421052411e-01 2.163157894736842113e-01 2.163157894736842113e-01 2.819245309425671119e+06
2.678947368421052411e-01 2.421052631578947401e-01 3.578947368421052377e-02 3.977571779915542901e+07
2.678947368421052411e-01 2.421052631578947401e-01 6.157894736842105254e-02 1.646070511884327233e+07
2.678947368421052411e-01 2.421052631578947401e-01 8.736842105263156744e-02 9.612662770894292742e+06
2.678947368421052411e-01 2.421052631578947401e-01 1.131578947368420962e-01 6.147497547686137259e+06
2.678947368421052411e-01 2.421052631578947401e-01 1.389473684210526250e-01 4.732470613763852976e+06
2.678947368421052411e-01 2.421052631578947401e-01 1.647368421052631537e-01 3.496813132661894895e+06
2.678947368421052411e-01 2.421052631578947401e-01 1.905263157894736825e-01 2.931930612767756917e+06
2.678947368421052411e-01 2.421052631578947401e-01 2.163157894736842113e-01 2.493837572737929877e+06
2.678947368421052411e-01 2.421052631578947401e-01 2.421052631578947401e-01 2.229203960906044114e+06
2.678947368421052411e-01 2.678947368421052411e-01 1.000000000000000021e-02 2.373313997580577806e+07
2.678947368421052411e-01 2.678947368421052411e-01 3.578947368421052377e-02 1.823041510744849220e+07
2.678947368421052411e-01 2.678947368421052411e-01 6.157894736842105254e-02 1.161638629905793443e+07
2.678947368421052411e-01 2.678947368421052411e-01 8.736842105263156744e-02 7.848919951621118933e+06
2.678947368421052411e-01 2.678947368421052411e-01 1.131578947368420962e-01 5.371354715576085262e+06
2.678947368421052411e-01 2.678947368421052411e-01 1.389473684210526250e-01 4.285718001934044063e+06
2.678947368421052411e-01 2.678947368421052411e-01 1.647368421052631537e-01 3.239744171923911665e+06
2.678947368421052411e-01 2.678947368421052411e-01 1.905263157894736825e-01 2.750812939886015374e+06
2.678947368421052411e-01 2.678947368421052411e-01 2.163157894736842113e-01 2.351634399379303213e+06
2.678947368421052411e-01 2.678947368421052411e-01 2.421052631578947401e-01 2.097458359014833812e+06
2.678947368421052411e-01 2.678947368421052411e-01 2.678947368421052411e-01 1.957283169495604467e+06
2.936842105263157698e-01 1.647368421052631537e-01 1.389473684210526250e-01 1.923476598984903097e+07
2.936842105263157698e-01 1.647368421052631537e-01 1.647368421052631537e-01 1.065286881697226688e+07
2.936842105263157698e-01 1.905263157894736825e-01 1.131578947368420962e-01 2.018734296291368455e+07
2.936842105263157698e-01 1.905263157894736825e-01 1.389473684210526250e-01 1.201244851007127948e+07
2.936842105263157698e-01 1.905263157894736825e-01 1.647368421052631537e-01 7.170819614082295448e+06
2.936842105263157698e-01 1.905263157894736825e-01 1.905263157894736825e-01 5.156916704872040078e+06
2.936842105263157698e-01 2.163157894736842113e-01 8.736842105263156744e-02 2.428724261521786824e+07
2.936842105263157698e-01 2.163157894736842113e-01 1.131578947368420962e-01 1.190201987393991649e+07
2.936842105263157698e-01 2.163157894736842113e-01 1.389473684210526250e-01 7.740598365890147164e+06
2.936842105263157698e-01 2.163157894736842113e-01 1.647368421052631537e-01 5.020095196151238866e+06
2.936842105263157698e-01 2.163157894736842113e-01 1.905263157894736825e-01 3.852768581710141152e+06
2.936842105263157698e-01 2.163157894736842113e-01 2.163157894736842113e-01 3.045739453609488439e+06
2.936842105263157698e-01 2.421052631578947401e-01 6.157894736842105254e-02 2.935662246179058030e+07
2.936842105263157698e-01 2.421052631578947401e-01 8.736842105263156744e-02 1.363296008652057126e+07
2.936842105263157698e-01 2.421052631578947401e-01 1.131578947368420962e-01 7.670050943205807358e+06
2.936842105263157698e-01 2.421052631578947401e-01 1.389473684210526250e-01 5.493183543314071372e+06
2.936842105263157698e-01 2.421052631578947401e-01 1.647368421052631537e-01 3.851843294271045830e+06
2.936842105263157698e-01 2.421052631578947401e-01 1.905263157894736825e-01 3.120234306049690116e+06
2.936842105263157698e-01 2.421052631578947401e-01 2.163157894736842113e-01 2.571505193300162908e+06
2.936842105263157698e-01 2.421052631578947401e-01 2.421052631578947401e-01 2.231327537545455620e+06
2.936842105263157698e-01 2.678947368421052411e-01 3.578947368421052377e-02 3.632945843067297339e+07
2.936842105263157698e-01 2.678947368421052411e-01 6.157894736842105254e-02 1.507286956963577121e+07
2.936842105263157698e-01 2.678947368421052411e-01 8.736842105263156744e-02 8.853892344748057425e+06
2.936842105263157698e-01 2.678947368421052411e-01 1.131578947368420962e-01 5.702702881814837456e+06
2.936842105263157698e-01 2.678947368421052411e-01 1.389473684210526250e-01 4.420087668927390128e+06
2.936842105263157698e-01 2.678947368421052411e-01 1.647368421052631537e-01 3.276679523162813392e+06
2.936842105263157698e-01 2.678947368421052411e-01 1.905263157894736825e-01 2.748005187511566095e+06
2.936842105263157698e-01 2.678947368421052411e-01 2.163157894736842113e-01 2.319627894834306557e+06
2.936842105263157698e-01 2.678947368421052411e-01 2.421052631578947401e-01 2.040671378905273508e+06
2.936842105263157698e-01 2.678947368421052411e-01 2.678947368421052411e-01 1.875990493316692766e+06
2.936842105263157698e-01 2.936842105263157698e-01 1.000000000000000021e-02 2.160415344164182246e+07
2.936842105263157698e-01 2.936842105263157698e-01 3.578947368421052377e-02 1.662939906910413876e+07
2.936842105263157698e-01 2.936842105263157698e-01 6.157894736842105254e-02 1.064076624051765352e+07
2.936842105263157698e-01 2.936842105263157698e-01 8.736842105263156744e-02 7.229390118314703926e+06
2.936842105263157698e-01 2.936842105263157698e-01 1.131578947368420962e-01 4.976318425522509962e+06
2.936842105263157698e-01 2.936842105263157698e-01 1.389473684210526250e-01 3.992655704099867959e+06
2.936842105263157698e-01 2.936842105263157698e-01 1.647368421052631537e-01 3.025389522561646532e+06
2.936842105263157698e-01 2.936842105263157698e-01 1.905263157894736825e-01 2.569771805374890100e+06
2.936842105263157698e-01 2.936842105263157698e-01 2.163157894736842113e-01 2.184237353817880619e+06
2.936842105263157698e-01 2.936842105263157698e-01 2.421052631578947401e-01 1.924791152435798664e+06
2.936842105263157698e-01 2.936842105263157698e-01 2.678947368421052411e-01 1.764838021757839713e+06
2.936842105263157698e-01 2.936842105263157698e-01 2.936842105263157698e-01 1.647878926199487410e+06
3.194736842105262986e-01 1.647368421052631537e-01 1.647368421052631537e-01 1.426822129672818258e+07
3.194736842105262986e-01 1.905263157894736825e-01 1.389473684210526250e-01 1.631427646228433028e+07
3.194736842105262986e-01 1.905263157894736825e-01 1.647368421052631537e-01 9.259008993548670784e+06
3.194736842105262986e-01 1.905263157894736825e-01 1.905263157894736825e-01 6.374866913677881472e+06
3.194736842105262986e-01 2.163157894736842113e-01 1.131578947368420962e-01 1.670328366827438772e+07
3.194736842105262986e-01 2.163157894736842113e-01 1.389473684210526250e-01 1.014900408803329989e+07
3.194736842105262986e-01 2.163157894736842113e-01 1.647368421052631537e-01 6.198528420417557471e+06
3.194736842105262986e-01 2.163157894736842113e-01 1.905263157894736825e-01 4.540891041203437373e+06
3.194736842105262986e-01 2.163157894736842113e-01 2.163157894736842113e-01 3.430445417145736981e+06
3.194736842105262986e-01 2.421052631578947401e-01 8.736842105263156744e-02 2.056686589326355979e+07
3.194736842105262986e-01 2.421052631578947401e-01 1.131578947368420962e-01 1.028741320043960214e+07
3.194736842105262986e-01 2.421052631578947401e-01 1.389473684210526250e-01 6.817228500050479546e+06
3.194736842105262986e-01 2.421052631578947401e-01 1.647368421052631537e-01 4.496889806443089619e+06
3.194736842105262986e-01 2.421052631578947401e-01 1.905263157894736825e-01 3.492315298805449624e+06
3.194736842105262986e-01 2.421052631578947401e-01 2.163157894736842113e-01 2.772666347340046894e+06
3.194736842105262986e-01 2.421052631578947401e-01 2.421052631578947401e-01 2.327595323392497841e+06
3.194736842105262986e-01 2.678947368421052411e-01 6.157894736842105254e-02 2.602764388100601360e+07
3.194736842105262986e-01 2.678947368421052411e-01 8.736842105263156744e-02 1.226939939997437038e+07
3.194736842105262986e-01 2.678947368421052411e-01 1.131578947368420962e-01 6.995816177513720468e+06
3.194736842105262986e-01 2.678947368421052411e-01 1.389473684210526250e-01 5.066126089478326030e+06
3.194736842105262986e-01 2.678947368421052411e-01 1.647368421052631537e-01 3.581466799292354379e+06
3.194736842105262986e-01 2.678947368421052411e-01 1.905263157894736825e-01 2.915459536211014260e+06
3.194736842105262986e-01 2.678947368421052411e-01 2.163157894736842113e-01 2.400292519287947100e+06
3.194736842105262986e-01 2.678947368421052411e-01 2.421052631578947401e-01 2.066756140266150236e+06
3.194736842105262986e-01 2.678947368421052411e-01 2.678947368421052411e-01 1.864032554172121454e+06
3.194736842105262986e-01 2.936842105263157698e-01 3.578947368421052377e-02 3.123373117751978710e+07
3.194736842105262986e-01 2.936842105263157698e-01 6.157894736842105254e-02 1.344262566984753124e+07
3.194736842105262986e-01 2.936842105263157698e-01 8.736842105263156744e-02 8.046772760020341724e+06
3.194736842105262986e-01 2.936842105263157698e-01 1.131578947368420962e-01 5.245336115741578862e+06
3.194736842105262986e-01 2.936842105263157698e-01 1.389473684210526250e-01 4.100750263991131913e+06
3.194736842105262986e-01 2.936842105263157698e-01 1.647368421052631537e-01 3.055412711069582496e+06
3.194736842105262986e-01 2.936842105263157698e-01 1.905263157894736825e-01 2.569612712970708963e+06
3.194736842105262986e-01 2.936842105263157698e-01 2.163157894736842113e-01 2.164503882906381972e+06
3.194736842105262986e-01 2.936842105263157698e-01 2.421052631578947401e-01 1.890771472513915505e+06
3.194736842105262986e-01 2.936842105263157698e-01 2.678947368421052411e-01 1.718355584776210599e+06
3.194736842105262986e-01 2.936842105263157698e-01 2.936842105263157698e-01 1.586992303606905043e+06
3.194736842105262986e-01 3.194736842105262986e-01 1.000000000000000021e-02 2.005892070826099068e+07
3.194736842105262986e-01 3.194736842105262986e-01 3.578947368421052377e-02 1.546012157567999512e+07
3.194736842105262986e-01 3.194736842105262986e-01 6.157894736842105254e-02 9.918249082045063376e+06
3.194736842105262986e-01 3.194736842105262986e-01 8.736842105263156744e-02 6.761834563954709098e+06
3.194736842105262986e-01 3.194736842105262986e-01 1.131578947368420962e-01 4.671447947556398809e+06
3.194736842105262986e-01 3.194736842105262986e-01 1.389473684210526250e-01 3.762304453887787648e+06
3.194736842105262986e-01 3.194736842105262986e-01 1.647368421052631537e-01 2.855984147674509790e+06
3.194736842105262986e-01 3.194736842105262986e-01 1.905263157894736825e-01 2.428587861533586401e+06
3.194736842105262986e-01 3.194736842105262986e-01 2.163157894736842113e-01 2.059416560966518708e+06
3.194736842105262986e-01 3.194736842105262986e-01 2.421052631578947401e-01 1.804403486568446737e+06
3.194736842105262986e-01 3.194736842105262986e-01 2.678947368421052411e-01 1.640108512571766507e+06
3.194736842105262986e-01 3.194736842105262986e-01 2.936842105263157698e-01 1.510158238483855035e+06
3.194736842105262986e-01 3.194736842105262986e-01 3.194736842105262986e-01 1.429353344102724921e+06
3.452631578947368274e-01 1.905263157894736825e-01 1.647368421052631537e-01 1.206996007323332876e+07
3.452631578947368274e-01 1.905263157894736825e-01 1.905263157894736825e-01 8.015323862273219973e+06
3.452631578947368274e-01 2.163157894736842113e-01 1.389473684210526250e-01 1.347628830301457271e+07
3.452631578947368274e-01 2.163157894736842113e-01 1.647368421052631537e-01 7.817335561614019796e+06
3.452631578947368274e-01 2.163157894736842113e-01 1.905263157894736825e-01 5.492331940536471084e+06
3.452631578947368274e-01 2.163157894736842113e-01 2.163157894736842113e-01 3.981783473267149646e+06
3.452631578947368274e-01 2.421052631578947401e-01 1.131578947368420962e-01 1.416468872676590644e+07
3.452631578947368274e-01 2.421052631578947401e-01 1.389473684210526250e-01 8.756787566989626735e+06
3.452631578947368274e-01 2.421052631578947401e-01 1.647368421052631537e-01 5.446059566231654957e+06
3.452631578947368274e-01 2.421052631578947401e-01 1.905263157894736825e-01 4.049712513846034184e+06
3.452631578947368274e-01 2.421052631578947401e-01 2.163157894736842113e-01 3.092037022702843882e+06
3.452631578947368274e-01 2.421052631578947401e-01 2.421052631578947401e-01 2.507488975509258918e+06
3.452631578947368274e-01 2.678947368421052411e-01 8.736842105263156744e-02 1.820423171474148706e+07
3.452631578947368274e-01 2.678947368421052411e-01 1.131578947368420962e-01 9.229205835025692359e+06
3.452631578947368274e-01 2.678947368421052411e-01 1.389473684210526250e-01 6.191574712726997212e+06
3.452631578947368274e-01 2.678947368421052411e-01 1.647368421052631537e-01 4.129245594973245636e+06
3.452631578947368274e-01 2.678947368421052411e-01 1.905263157894736825e-01 3.232974998610583600e+06
3.452631578947368274e-01 2.678947368421052411e-01 2.163157894736842113e-01 2.576759080112164840e+06
3.452631578947368274e-01 2.678947368421052411e-01 2.421052631578947401e-01 2.159804570121721830e+06
3.452631578947368274e-01 2.678947368421052411e-01 2.678947368421052411e-01 1.904460537327652797e+06
3.452631578947368274e-01 2.936842105263157698e-01 6.157894736842105254e-02 2.262788838180626929e+07
3.452631578947368274e-01 2.936842105263157698e-01 8.736842105263156744e-02 1.090073791540482640e+07
3.452631578947368274e-01 2.936842105263157698e-01 1.131578947368420962e-01 6.319005977593828924e+06
3.452631578947368274e-01 2.936842105263157698e-01 1.389473684210526250e-01 4.632283639084950089e+06
3.452631578947368274e-01 2.936842105263157698e-01 1.647368421052631537e-01 3.303778365685957018e+06
3.452631578947368274e-01 2.936842105263157698e-01 1.905263157894736825e-01 2.705289130520923063e+06
3.452631578947368274e-01 2.936842105263157698e-01 2.163157894736842113e-01 2.231113385289386380e+06
3.452631578947368274e-01 2.936842105263157698e-01 2.421052631578947401e-01 1.916024893745087087e+06
3.452631578947368274e-01 2.936842105263157698e-01 2.678947368421052411e-01 1.716785896401104052e+06
3.452631578947368274e-01 2.936842105263157698e-01 2.936842105263157698e-01 1.562887113133164588e+06
3.452631578947368274e-01 3.194736842105262986e-01 3.578947368421052377e-02 2.829971599550065398e+07
3.452631578947368274e-01 3.194736842105262986e-01 6.157894736842105254e-02 1.238394341709400341e+07
3.452631578947368274e-01 3.194736842105262986e-01 8.736842105263156744e-02 7.479486825657743029e+06
3.452631578947368274e-01 3.194736842105262986e-01 1.131578947368420962e-01 4.905029297764528543e+06
3.452631578947368274e-01 3.194736842105262986e-01 1.389473684210526250e-01 3.853372587934080046e+06
3.452631578947368274e-01 3.194736842105262986e-01 1.647368421052631537e-01 2.879050693859815132e+06
3.452631578947368274e-01 3.194736842105262986e-01 1.905263157894736825e-01 2.425994670107236598e+06
3.452631578947368274e-01 3.194736842105262986e-01 2.163157894736842113e-01 2.041638819631167687e+06
3.452631578947368274e-01 3.194736842105262986e-01 2.421052631578947401e-01 1.776857758055780083e+06
3.452631578947368274e-01 3.194736842105262986e-01 2.678947368421052411e-01 1.605036837667215150e+06
3.452631578947368274e-01 3.194736842105262986e-01 2.936842105263157698e-01 1.466993440102246124e+06
3.452631578947368274e-01 3.194736842105262986e-01 3.194736842105262986e-01 1.377645524152315687e+06
3.452631578947368274e-01 3.452631578947368274e-01 1.000000000000000021e-02 1.877399121548907086e+07
3.452631578947368274e-01 3.452631578947368274e-01 3.578947368421052377e-02 1.448212749285834283e+07
3.452631578947368274e-01 3.452631578947368274e-01 6.157894736842105254e-02 9.306151184517547488e+06
3.452631578947368274e-01 3.452631578947368274e-01 8.736842105263156744e-02 6.358717558847161010e+06
3.452631578947368274e-01 3.452631578947368274e-01 1.131578947368420962e-01 4.403014143101185560e+06
3.452631578947368274e-01 3.452631578947368274e-01 1.389473684210526250e-01 3.555401668397119269e+06
3.452631578947368274e-01 3.452631578947368274e-01 1.647368421052631537e-01 2.701957228066256735e+06
3.452631578947368274e-01 3.452631578947368274e-01 1.905263157894736825e-01 2.299932844881760422e+06
3.452631578947368274e-01 3.452631578947368274e-01 2.163157894736842113e-01 1.947941222397502512e+06
3.452631578947368274e-01 3.452631578947368274e-01 2.421052631578947401e-01 1.701181165256992914e+06
3.452631578947368274e-01 3.452631578947368274e-01 2.678947368421052411e-01 1.538664761378362775e+06
3.452631578947368274e-01 3.452631578947368274e-01 2.936842105263157698e-01 1.404962403352584224e+06
3.452631578947368274e-01 3.452631578947368274e-01 3.194736842105262986e-01 1.315920912586301565e+06
3.452631578947368274e-01 3.452631578947368274e-01 3.452631578947368274e-01 1.251424728678368265e+06
3.710526315789473562e-01 1.905263157894736825e-01 1.905263157894736825e-01 1.016484268930499628e+07
3.710526315789473562e-01 2.163157894736842113e-01 1.647368421052631537e-01 9.960935867308830842e+06
3.710526315789473562e-01 2.163157894736842113e-01 1.905263157894736825e-01 6.748114109602692537e+06
3.710526315789473562e-01 2.163157894736842113e-01 2.163157894736842113e-01 4.719084672363305464e+06
3.710526315789473562e-01 2.421052631578947401e-01 1.389473684210526250e-01 1.140871607541624829e+07
3.710526315789473562e-01 2.421052631578947401e-01 1.647368421052631537e-01 6.735992535633079708e+06
3.710526315789473562e-01 2.421052631578947401e-01 1.905263157894736825e-01 4.809642237181534059e+06
3.710526315789473562e-01 2.421052631578947401e-01 2.163157894736842113e-01 3.537424437696141191e+06
3.710526315789473562e-01 2.421052631578947401e-01 2.421052631578947401e-01 2.773772288590259850e+06
3.710526315789473562e-01 2.678947368421052411e-01 1.131578947368420962e-01 1.250420739176027291e+07
3.710526315789473562e-01 2.678947368421052411e-01 1.389473684210526250e-01 7.826116830027788877e+06
3.710526315789473562e-01 2.678947368421052411e-01 1.647368421052631537e-01 4.928538685935909860e+06
3.710526315789473562e-01 2.678947368421052411e-01 1.905263157894736825e-01 3.703299615704021882e+06
3.710526315789473562e-01 2.678947368421052411e-01 2.163157894736842113e-01 2.849572919459667522e+06
3.710526315789473562e-01 2.678947368421052411e-01 2.421052631578947401e-01 2.319204870507405140e+06
3.710526315789473562e-01 2.678947368421052411e-01 2.678947368421052411e-01 1.995642529175802134e+06
3.710526315789473562e-01 2.936842105263157698e-01 8.736842105263156744e-02 1.586569062496792898e+07
3.710526315789473562e-01 2.936842105263157698e-01 1.131578947368420962e-01 8.182225068667373620e+06
3.710526315789473562e-01 2.936842105263157698e-01 1.389473684210526250e-01 5.567521868621237576e+06
3.710526315789473562e-01 2.936842105263157698e-01 1.647368421052631537e-01 3.757461295080983546e+06
3.710526315789473562e-01 2.936842105263157698e-01 1.905263157894736825e-01 2.967985201807745267e+06
3.710526315789473562e-01 2.936842105263157698e-01 2.163157894736842113e-01 2.378486296726287808e+06
3.710526315789473562e-01 2.936842105263157698e-01 2.421052631578947401e-01 1.996805482071754988e+06
3.710526315789473562e-01 2.936842105263157698e-01 2.678947368421052411e-01 1.757183808917321730e+06
3.710526315789473562e-01 2.936842105263157698e-01 2.936842105263157698e-01 1.572706458159282338e+06
3.710526315789473562e-01 3.194736842105262986e-01 6.157894736842105254e-02 2.037940015852870792e+07
3.710526315789473562e-01 3.194736842105262986e-01 8.736842105263156744e-02 9.961081720589669421e+06
3.710526315789473562e-01 3.194736842105262986e-01 1.131578947368420962e-01 5.836350432171098888e+06
3.710526315789473562e-01 3.194736842105262986e-01 1.389473684210526250e-01 4.312535543292080052e+06
3.710526315789473562e-01 3.194736842105262986e-01 1.647368421052631537e-01 3.092785765182872768e+06
3.710526315789473562e-01 3.194736842105262986e-01 1.905263157894736825e-01 2.542571985824442469e+06
3.710526315789473562e-01 3.194736842105262986e-01 2.163157894736842113e-01 2.099795059028428979e+06
3.710526315789473562e-01 3.194736842105262986e-01 2.421052631578947401e-01 1.801160121375611983e+06
3.710526315789473562e-01 3.194736842105262986e-01 2.678947368421052411e-01 1.608504005835156888e+06
3.710526315789473562e-01 3.194736842105262986e-01 2.936842105263157698e-01 1.454099010579613503e+06
3.710526315789473562e-01 3.194736842105262986e-01 3.194736842105262986e-01 1.351982385071913712e+06
3.710526315789473562e-01 3.452631578947368274e-01 3.578947368421052377e-02 2.567300460435054079e+07
3.710526315789473562e-01 3.452631578947368274e-01 6.157894736842105254e-02 1.145987805016037636e+07
3.710526315789473562e-01 3.452631578947368274e-01 8.736842105263156744e-02 6.986241738535894081e+06
3.710526315789473562e-01 3.452631578947368274e-01 1.131578947368420962e-01 4.606620973225200549e+06
3.710526315789473562e-01 3.452631578947368274e-01 1.389473684210526250e-01 3.633703424501882400e+06
3.710526315789473562e-01 3.452631578947368274e-01 1.647368421052631537e-01 2.720847073086729739e+06
3.710526315789473562e-01 3.452631578947368274e-01 1.905263157894736825e-01 2.296622959381663706e+06
3.710526315789473562e-01 3.452631578947368274e-01 2.163157894736842113e-01 1.932233095472700428e+06
3.710526315789473562e-01 3.452631578947368274e-01 2.421052631578947401e-01 1.678247595847301185e+06
3.710526315789473562e-01 3.452631578947368274e-01 2.678947368421052411e-01 1.510804776419737842e+06
3.710526315789473562e-01 3.452631578947368274e-01 2.936842105263157698e-01 1.372284470179396681e+06
3.710526315789473562e-01 3.452631578947368274e-01 3.194736842105262986e-01 1.278470372163082706e+06
3.710526315789473562e-01 3.452631578947368274e-01 3.452631578947368274e-01 1.208525700855473988e+06
3.710526315789473562e-01 3.710526315789473562e-01 1.000000000000000021e-02 1.772122355269958079e+07
3.710526315789473562e-01 3.710526315789473562e-01 3.578947368421052377e-02 1.367731493699161895e+07
3.710526315789473562e-01 3.710526315789473562e-01 6.157894736842105254e-02 8.797596356241323054e+06
3.710526315789473562e-01 3.710526315789473562e-01 8.736842105263156744e-02 6.019430838147861883e+06
3.710526315789473562e-01 3.710526315789473562e-01 1.131578947368420962e-01 4.173562773966932204e+06
3.710526315789473562e-01 3.710526315789473562e-01 1.389473684210526250e-01 3.375952458933853544e+06
3.710526315789473562e-01 3.710526315789473562e-01 1.647368421052631537e-01 2.566923031453751028e+06
3.710526315789473562e-01 3.710526315789473562e-01 1.905263157894736825e-01 2.186568734391541686e+06
3.710526315789473562e-01 3.710526315789473562e-01 2.163157894736842113e-01 1.850448308829989284e+06
3.710526315789473562e-01 3.710526315789473562e-01 2.421052631578947401e-01 1.612744693359749392e+06
3.710526315789473562e-01 3.710526315789473562e-01 2.678947368421052411e-01 1.454353498426601756e+06
3.710526315789473562e-01 3.710526315789473562e-01 2.936842105263157698e-01 1.321078621071785688e+06
3.710526315789473562e-01 3.710526315789473562e-01 3.194736842105262986e-01 1.229359323160677915e+06
3.710526315789473562e-01 3.710526315789473562e-01 3.452631578947368274e-01 1.159305326827031095e+06
3.710526315789473562e-01 3.710526315789473562e-01 3.710526315789473562e-01 1.108148910458308877e+06
3.968421052631578849e-01 2.163157894736842113e-01 1.905263157894736825e-01 8.364830971473650075e+06
3.968421052631578849e-01 2.163157894736842113e-01 2.163157894736842113e-01 5.669729407536890358e+06
3.968421052631578849e-01 2.421052631578947401e-01 1.647368421052631537e-01 8.423235908515442163e+06
3.968421052631578849e-01 2.421052631578947401e-01 1.905263157894736825e-01 5.799032892677302472e+06
3.968421052631578849e-01 2.421052631578947401e-01 2.163157894736842113e-01 4.121482531381446403e+06
3.968421052631578849e-01 2.421052631578947401e-01 2.421052631578947401e-01 3.131903993021380622e+06
3.968421052631578849e-01 2.678947368421052411e-01 1.389473684210526250e-01 1.003715386418483406e+07
3.968421052631578849e-01 2.678947368421052411e-01 1.647368421052631537e-01 6.003235625657743774e+06
3.968421052631578849e-01 2.678947368421052411e-01 1.905263157894736825e-01 4.336795965552536771e+06
3.968421052631578849e-01 2.678947368421052411e-01 2.163157894736842113e-01 3.222989161810258869e+06
3.968421052631578849e-01 2.678947368421052411e-01 2.421052631578947401e-01 2.546221468044888228e+06
3.968421052631578849e-01 2.678947368421052411e-01 2.678947368421052411e-01 2.137037358618426602e+06
3.968421052631578849e-01 2.936842105263157698e-01 1.131578947368420962e-01 1.089992536029810086e+07
3.968421052631578849e-01 2.936842105263157698e-01 1.389473684210526250e-01 6.920840253359059803e+06
3.968421052631578849e-01 2.936842105263157698e-01 1.647368421052631537e-01 4.417949264252379537e+06
3.968421052631578849e-01 2.936842105263157698e-01 1.905263157894736825e-01 3.356314067562954035e+06
3.968421052631578849e-01 2.936842105263157698e-01 2.163157894736842113e-01 2.604700014442615211e+06
3.968421052631578849e-01 2.936842105263157698e-01 2.421052631578947401e-01 2.131138323222343810e+06
3.968421052631578849e-01 2.936842105263157698e-01 2.678947368421052411e-01 1.837467527398537844e+06
3.968421052631578849e-01 2.936842105263157698e-01 2.936842105263157698e-01 1.614053868234165944e+06
3.968421052631578849e-01 3.194736842105262986e-01 8.736842105263156744e-02 1.423964111627026647e+07
3.968421052631578849e-01 3.194736842105262986e-01 1.131578947368420962e-01 7.439723494319034740e+06
3.968421052631578849e-01 3.194736842105262986e-01 1.389473684210526250e-01 5.115652542505963705e+06
3.968421052631578849e-01 3.194736842105262986e-01 1.647368421052631537e-01 3.481780511009068694e+06
3.968421052631578849e-01 3.194736842105262986e-01 1.905263157894736825e-01 2.767742726700711530e+06
3.968421052631578849e-01 3.194736842105262986e-01 2.163157894736842113e-01 2.226928626599421725e+06
3.968421052631578849e-01 3.194736842105262986e-01 2.421052631578947401e-01 1.872534221986676566e+06
3.968421052631578849e-01 3.194736842105262986e-01 2.678947368421052411e-01 1.646922711621175054e+06
3.968421052631578849e-01 3.194736842105262986e-01 2.936842105263157698e-01 1.468505625432942994e+06
3.968421052631578849e-01 3.194736842105262986e-01 3.194736842105262986e-01 1.349511098582915030e+06
3.968421052631578849e-01 3.452631578947368274e-01 6.157894736842105254e-02 1.837862724363626167e+07
3.968421052631578849e-01 3.452631578947368274e-01 8.736842105263156744e-02 9.132925292939206585e+06
3.968421052631578849e-01 3.452631578947368274e-01 1.131578947368420962e-01 5.411325951409745030e+06
3.968421052631578849e-01 3.452631578947368274e-01 1.389473684210526250e-01 4.029512843036971521e+06
3.968421052631578849e-01 3.452631578947368274e-01 1.647368421052631537e-01 2.904669895514945965e+06
3.968421052631578849e-01 3.452631578947368274e-01 1.905263157894736825e-01 2.396736703641445842e+06
3.968421052631578849e-01 3.452631578947368274e-01 2.163157894736842113e-01 1.982599241330347955e+06
3.968421052631578849e-01 3.452631578947368274e-01 2.421052631578947401e-01 1.700378402423148043e+06
3.968421052631578849e-01 3.452631578947368274e-01 2.678947368421052411e-01 1.516156137898503803e+06
3.968421052631578849e-01 3.452631578947368274e-01 2.936842105263157698e-01 1.365122386995302048e+06
3.968421052631578849e-01 3.452631578947368274e-01 3.194736842105262986e-01 1.262176037400244735e+06
3.968421052631578849e-01 3.452631578947368274e-01 3.452631578947368274e-01 1.184345287197519094e+06
3.968421052631578849e-01 3.710526315789473562e-01 3.578947368421052377e-02 2.337900910361126810e+07
3.968421052631578849e-01 3.710526315789473562e-01 6.157894736842105254e-02 1.067028562485166267e+07
3.968421052631578849e-01 3.710526315789473562e-01 8.736842105263156744e-02 6.566977200370511971e+06
3.968421052631578849e-01 3.710526315789473562e-01 1.131578947368420962e-01 4.351747153678306378e+06
3.968421052631578849e-01 3.710526315789473562e-01 1.389473684210526250e-01 3.444491579209958669e+06
3.968421052631578849e-01 3.710526315789473562e-01 1.647368421052631537e-01 2.583479069138912950e+06
3.968421052631578849e-01 3.710526315789473562e-01 1.905263157894736825e-01 2.183734162768360693e+06
3.968421052631578849e-01 3.710526315789473562e-01 2.163157894736842113e-01 1.837128227006847970e+06
3.968421052631578849e-01 3.710526315789473562e-01 2.421052631578947401e-01 1.593712517646642402e+06
3.968421052631578849e-01 3.710526315789473562e-01 2.678947368421052411e-01 1.431809713732684031e+06
3.968421052631578849e-01 3.710526315789473562e-01 2.936842105263157698e-01 1.295455079575654119e+06
3.968421052631578849e-01 3.710526315789473562e-01 3.194736842105262986e-01 1.200924229135507019e+06
3.968421052631578849e-01 3.710526315789473562e-01 3.452631578947368274e-01 1.127786052053354681e+06
3.968421052631578849e-01 3.710526315789473562e-01 3.710526315789473562e-01 1.073121274948176695e+06
3.968421052631578849e-01 3.968421052631578849e-01 1.000000000000000021e-02 1.686796356438067928e+07
3.968421052631578849e-01 3.968421052631578849e-01 3.578947368421052377e-02 1.302283694550405815e+07
3.968421052631578849e-01 3.968421052631578849e-01 6.157894736842105254e-02 8.381018975657602772e+06
3.968421052631578849e-01 3.968421052631578849e-01 8.736842105263156744e-02 5.738795154054757208e+06
3.968421052631578849e-01 3.968421052631578849e-01 1.131578947368420962e-01 3.981560170745663811e+06
3.968421052631578849e-01 3.968421052631578849e-01 1.389473684210526250e-01 3.224152326396266464e+06
3.968421052631578849e-01 3.968421052631578849e-01 1.647368421052631537e-01 2.451671302678828593e+06
3.968421052631578849e-01 3.968421052631578849e-01 1.905263157894736825e-01 2.089288119848038070e+06
3.968421052631578849e-01 3.968421052631578849e-01 2.163157894736842113e-01 1.766951507033077069e+06
3.968421052631578849e-01 3.968421052631578849e-01 2.421052631578947401e-01 1.537767818906620611e+06
3.968421052631578849e-01 3.968421052631578849e-01 2.678947368421052411e-01 1.384074539183403831e+06
3.968421052631578849e-01 3.968421052631578849e-01 2.936842105263157698e-01 1.252936009570508264e+06
3.968421052631578849e-01 3.968421052631578849e-01 3.194736842105262986e-01 1.161099719657949172e+06
3.968421052631578849e-01 3.968421052631578849e-01 3.452631578947368274e-01 1.089005750844165916e+06
3.968421052631578849e-01 3.968421052631578849e-01 3.710526315789473562e-01 1.034066151105521363e+06
3.968421052631578849e-01 3.968421052631578849e-01 3.968421052631578849e-01 9.936506187890465371e+05
4.226315789473684137e-01 2.163157894736842113e-01 2.163157894736842113e-01 6.875882342553053051e+06
4.226315789473684137e-01 2.421052631578947401e-01 1.905263157894736825e-01 7.061712723187441006e+06
4.226315789473684137e-01 2.421052631578947401e-01 2.163157894736842113e-01 4.866120227036046796e+06
4.226315789473684137e-01 2.421052631578947401e-01 2.421052631578947401e-01 3.592870067621662281e+06
4.226315789473684137e-01 2.678947368421052411e-01 1.647368421052631537e-01 7.400776707220424898e+06
4.226315789473684137e-01 2.678947368421052411e-01 1.905263157894736825e-01 5.156184593219166622e+06
4.226315789473684137e-01 2.678947368421052411e-01 2.163157894736842113e-01 3.707837621645157691e+06
4.226315789473684137e-01 2.678947368421052411e-01 2.421052631578947401e-01 2.845789402073510922e+06
4.226315789473684137e-01 2.678947368421052411e-01 2.678947368421052411e-01 2.330284542491605505e+06
4.226315789473684137e-01 2.936842105263157698e-01 1.389473684210526250e-01 8.750820973148237914e+06
4.226315789473684137e-01 2.936842105263157698e-01 1.647368421052631537e-01 5.305878159187059850e+06
4.226315789473684137e-01 2.936842105263157698e-01 1.905263157894736825e-01 3.878950400988091715e+06
4.226315789473684137e-01 2.936842105263157698e-01 2.163157894736842113e-01 2.913025268172051292e+06
4.226315789473684137e-01 2.936842105263157698e-01 2.421052631578947401e-01 2.319726417444584426e+06
4.226315789473684137e-01 2.936842105263157698e-01 2.678947368421052411e-01 1.956904005568834953e+06
4.226315789473684137e-01 2.936842105263157698e-01 2.936842105263157698e-01 1.685105025492286775e+06
4.226315789473684137e-01 3.194736842105262986e-01 1.131578947368420962e-01 9.779801249483568594e+06
4.226315789473684137e-01 3.194736842105262986e-01 1.389473684210526250e-01 6.278620175085049123e+06
4.226315789473684137e-01 3.194736842105262986e-01 1.647368421052631537e-01 4.048230517810029443e+06
4.226315789473684137e-01 3.194736842105262986e-01 1.905263157894736825e-01 3.100208036221595947e+06
4.226315789473684137e-01 3.194736842105262986e-01 2.163157894736842113e-01 2.420780174896332435e+06
4.226315789473684137e-01 3.194736842105262986e-01 2.421052631578947401e-01 1.988484504298014101e+06
4.226315789473684137e-01 3.194736842105262986e-01 2.678947368421052411e-01 1.717681555766025092e+06
4.226315789473684137e-01 3.194736842105262986e-01 2.936842105263157698e-01 1.507429694554566406e+06
4.226315789473684137e-01 3.194736842105262986e-01 3.194736842105262986e-01 1.367141664571794216e+06
4.226315789473684137e-01 3.452631578947368274e-01 8.736842105263156744e-02 1.285053585467528924e+07
4.226315789473684137e-01 3.452631578947368274e-01 1.131578947368420962e-01 6.802277646246909164e+06
4.226315789473684137e-01 3.452631578947368274e-01 1.389473684210526250e-01 4.724475413345227949e+06
4.226315789473684137e-01 3.452631578947368274e-01 1.647368421052631537e-01 3.240306258195872884e+06
4.226315789473684137e-01 3.452631578947368274e-01 1.905263157894736825e-01 2.590437687023709062e+06
4.226315789473684137e-01 3.452631578947368274e-01 2.163157894736842113e-01 2.091907378806940746e+06
4.226315789473684137e-01 3.452631578947368274e-01 2.421052631578947401e-01 1.762164673228928354e+06
4.226315789473684137e-01 3.452631578947368274e-01 2.678947368421052411e-01 1.550312359491978772e+06
4.226315789473684137e-01 3.452631578947368274e-01 2.936842105263157698e-01 1.379678471117482521e+06
4.226315789473684137e-01 3.452631578947368274e-01 3.194736842105262986e-01 1.263479028184288181e+06
4.226315789473684137e-01 3.452631578947368274e-01 3.452631578947368274e-01 1.175299470516245579e+06
4.226315789473684137e-01 3.710526315789473562e-01 6.157894736842105254e-02 1.673218275479298830e+07
4.226315789473684137e-01 3.710526315789473562e-01 8.736842105263156744e-02 8.446472185310496017e+06
4.226315789473684137e-01 3.710526315789473562e-01 1.131578947368420962e-01 5.055038205376271158e+06
4.226315789473684137e-01 3.710526315789473562e-01 1.389473684210526250e-01 3.789295825669054408e+06
4.226315789473684137e-01 3.710526315789473562e-01 1.647368421052631537e-01 2.742881222924446221e+06
4.226315789473684137e-01 3.710526315789473562e-01 1.905263157894736825e-01 2.270021046674834099e+06
4.226315789473684137e-01 3.710526315789473562e-01 2.163157894736842113e-01 1.880328129142018501e+06
4.226315789473684137e-01 3.710526315789473562e-01 2.421052631578947401e-01 1.612792679607867729e+06
4.226315789473684137e-01 3.710526315789473562e-01 2.678947368421052411e-01 1.436879880552728195e+06
4.226315789473684137e-01 3.710526315789473562e-01 2.936842105263157698e-01 1.290466391526392661e+06
4.226315789473684137e-01 3.710526315789473562e-01 3.194736842105262986e-01 1.188957928551793564e+06
4.226315789473684137e-01 3.710526315789473562e-01 3.452631578947368274e-01 1.110129694972365629e+06
4.226315789473684137e-01 3.710526315789473562e-01 3.710526315789473562e-01 1.050464616290840786e+06
4.226315789473684137e-01 3.968421052631578849e-01 3.578947368421052377e-02 2.164963807917505130e+07
4.226315789473684137e-01 3.968421052631578849e-01 6.157894736842105254e-02 1.004975697249648906e+07
4.226315789473684137e-01 3.968421052631578849e-01 8.736842105263156744e-02 6.227825002274683677e+06
4.226315789473684137e-01 3.968421052631578849e-01 1.131578947368420962e-01 4.140923365112698171e+06
4.226315789473684137e-01 3.968421052631578849e-01 1.389473684210526250e-01 3.285314790484929457e+06
4.226315789473684137e-01 3.968421052631578849e-01 1.647368421052631537e-01 2.466274731313197408e+06
4.226315789473684137e-01 3.968421052631578849e-01 1.905263157894736825e-01 2.086499793192548212e+06
4.226315789473684137e-01 3.968421052631578849e-01 2.163157894736842113e-01 1.754952059540021699e+06
4.226315789473684137e-01 3.968421052631578849e-01 2.421052631578947401e-01 1.520973405374254566e+06
4.226315789473684137e-01 3.968421052631578849e-01 2.678947368421052411e-01 1.364554018839952070e+06
4.226315789473684137e-01 3.968421052631578849e-01 2.936842105263157698e-01 1.231274733109965688e+06
4.226315789473684137e-01 3.968421052631578849e-01 3.194736842105262986e-01 1.137654844783370616e+06
4.226315789473684137e-01 3.968421052631578849e-01 3.452631578947368274e-01 1.063705986354766414e+06
4.226315789473684137e-01 3.968421052631578849e-01 3.710526315789473562e-01 1.006710012301574461e+06
4.226315789473684137e-01 3.968421052631578849e-01 3.968421052631578849e-01 9.639627187487923075e+05
4.226315789473684137e-01 4.226315789473684137e-01 1.000000000000000021e-02 1.614824603956664726e+07
4.226315789473684137e-01 4.226315789473684137e-01 3.578947368421052377e-02 1.246919782825176418e+07
4.226315789473684137e-01 4.226315789473684137e-01 6.157894736842105254e-02 8.026428851640718058e+06
4.226315789473684137e-01 4.226315789473684137e-01 8.736842105263156744e-02 5.497929813299056143e+06
4.226315789473684137e-01 4.226315789473684137e-01 1.131578947368420962e-01 3.815130181465443689e+06
4.226315789473684137e-01 4.226315789473684137e-01 1.389473684210526250e-01 3.091318930122519378e+06
4.226315789473684137e-01 4.226315789473684137e-01 1.647368421052631537e-01 2.349986324702913873e+06
4.226315789473684137e-01 4.226315789473684137e-01 1.905263157894736825e-01 2.002941336803675164e+06
4.226315789473684137e-01 4.226315789473684137e-01 2.163157894736842113e-01 1.692764246867517009e+06
4.226315789473684137e-01 4.226315789473684137e-01 2.421052631578947401e-01 1.471456517219410744e+06
4.226315789473684137e-01 4.226315789473684137e-01 2.678947368421052411e-01 1.322501561837227084e+06
4.226315789473684137e-01 4.226315789473684137e-01 2.936842105263157698e-01 1.194215123488129117e+06
4.226315789473684137e-01 4.226315789473684137e-01 3.194736842105262986e-01 1.103465055377037264e+06
4.226315789473684137e-01 4.226315789473684137e-01 3.452631578947368274e-01 1.031068908454603981e+06
4.226315789473684137e-01 4.226315789473684137e-01 3.710526315789473562e-01 9.746005314835051540e+05
4.226315789473684137e-01 4.226315789473684137e-01 3.968421052631578849e-01 9.315655785593803739e+05
4.226315789473684137e-01 4.226315789473684137e-01 4.226315789473684137e-01 8.981897760636488674e+05
4.484210526315789425e-01 2.421052631578947401e-01 2.163157894736842113e-01 5.798194478984768502e+06
4.484210526315789425e-01 2.421052631578947401e-01 2.421052631578947401e-01 4.170817860906325746e+06
4.484210526315789425e-01 2.678947368421052411e-01 1.905263157894736825e-01 6.190720646796556190e+06
4.484210526315789425e-01 2.678947368421052411e-01 2.163157894736842113e-01 4.318684124047164805e+06
4.484210526315789425e-01 2.678947368421052411e-01 2.421052631578947401e-01 3.225461260959862266e+06
4.484210526315789425e-01 2.678947368421052411e-01 2.678947368421052411e-01 2.579294965208154637e+06
4.484210526315789425e-01 2.936842105263157698e-01 1.647368421052631537e-01 6.452212087999448180e+06
4.484210526315789425e-01 2.936842105263157698e-01 1.905263157894736825e-01 4.550340469335022382e+06
4.484210526315789425e-01 2.936842105263157698e-01 2.163157894736842113e-01 3.310356469222320709e+06
4.484210526315789425e-01 2.936842105263157698e-01 2.421052631578947401e-01 2.565949344395946711e+06
4.484210526315789425e-01 2.936842105263157698e-01 2.678947368421052411e-01 2.117072869607617613e+06
4.484210526315789425e-01 2.936842105263157698e-01 2.936842105263157698e-01 1.786279413607340772e+06
4.484210526315789425e-01 3.194736842105262986e-01 1.389473684210526250e-01 7.840439837739098817e+06
4.484210526315789425e-01 3.194736842105262986e-01 1.647368421052631537e-01 4.805055512593118474e+06
4.484210526315789425e-01 3.194736842105262986e-01 1.905263157894736825e-01 3.545133291520921048e+06
4.484210526315789425e-01 3.194736842105262986e-01 2.163157894736842113e-01 2.683332752037556376e+06
4.484210526315789425e-01 3.194736842105262986e-01 2.421052631578947401e-01 2.149659805831410922e+06
4.484210526315789425e-01 3.194736842105262986e-01 2.678947368421052411e-01 1.820795038117111661e+06
4.484210526315789425e-01 3.194736842105262986e-01 2.936842105263157698e-01 1.570479878893455490e+06
4.484210526315789425e-01 3.194736842105262986e-01 3.194736842105262986e-01 1.404162269779241178e+06
4.484210526315789425e-01 3.452631578947368274e-01 1.131578947368420962e-01 8.822057489591199905e+06
4.484210526315789425e-01 3.452631578947368274e-01 1.389473684210526250e-01 5.726751850976310670e+06
4.484210526315789425e-01 3.452631578947368274e-01 1.647368421052631537e-01 3.727688610811757389e+06
4.484210526315789425e-01 3.452631578947368274e-01 1.905263157894736825e-01 2.876026366138863843e+06
4.484210526315789425e-01 3.452631578947368274e-01 2.163157894736842113e-01 2.258407408272921108e+06
4.484210526315789425e-01 3.452631578947368274e-01 2.421052631578947401e-01 1.862117228492868599e+06
4.484210526315789425e-01 3.452631578947368274e-01 2.678947368421052411e-01 1.612016042064672802e+06
4.484210526315789425e-01 3.452631578947368274e-01 2.936842105263157698e-01 1.414859311354143545e+06
4.484210526315789425e-01 3.452631578947368274e-01 3.194736842105262986e-01 1.281337800695935730e+06
4.484210526315789425e-01 3.452631578947368274e-01 3.452631578947368274e-01 1.180299493012416409e+06
4.484210526315789425e-01 3.710526315789473562e-01 8.736842105263156744e-02 1.169029655810156651e+07
4.484210526315789425e-01 3.710526315789473562e-01 1.131578947368420962e-01 6.267609906509071589e+06
4.484210526315789425e-01 3.710526315789473562e-01 1.389473684210526250e-01 4.394191396075729281e+06
4.484210526315789425e-01 3.710526315789473562e-01 1.647368421052631537e-01 3.034506026341048069e+06
4.484210526315789425e-01 3.710526315789473562e-01 1.905263157894736825e-01 2.437995233001367655e+06
4.484210526315789425e-01 3.710526315789473562e-01 2.163157894736842113e-01 1.975093566586778965e+06
4.484210526315789425e-01 3.710526315789473562e-01 2.421052631578947401e-01 1.666604486655986868e+06
4.484210526315789425e-01 3.710526315789473562e-01 2.678947368421052411e-01 1.467136425020634662e+06
4.484210526315789425e-01 3.710526315789473562e-01 2.936842105263157698e-01 1.304328609070920851e+06
4.484210526315789425e-01 3.710526315789473562e-01 3.194736842105262986e-01 1.192040693471787963e+06
4.484210526315789425e-01 3.710526315789473562e-01 3.452631578947368274e-01 1.105103725296763703e+06
4.484210526315789425e-01 3.710526315789473562e-01 3.710526315789473562e-01 1.038992790571078658e+06
4.484210526315789425e-01 3.968421052631578849e-01 6.157894736842105254e-02 1.540737511450575106e+07
4.484210526315789425e-01 3.968421052631578849e-01 8.736842105263156744e-02 7.889185200675740838e+06
4.484210526315789425e-01 3.968421052631578849e-01 1.131578947368420962e-01 4.762468993214720860e+06
4.484210526315789425e-01 3.968421052631578849e-01 1.389473684210526250e-01 3.589773454871332273e+06
4.484210526315789425e-01 3.968421052631578849e-01 1.647368421052631537e-01 2.606892973507494200e+06
4.484210526315789425e-01 3.968421052631578849e-01 1.905263157894736825e-01 2.162518583164317068e+06
4.484210526315789425e-01 3.968421052631578849e-01 2.163157894736842113e-01 1.793087691954303999e+06
4.484210526315789425e-01 3.968421052631578849e-01 2.421052631578947401e-01 1.538083289065912832e+06
4.484210526315789425e-01 3.968421052631578849e-01 2.678947368421052411e-01 1.369630431521143764e+06
4.484210526315789425e-01 3.968421052631578849e-01 2.936842105263157698e-01 1.227947163372507552e+06
4.484210526315789425e-01 3.968421052631578849e-01 3.194736842105262986e-01 1.128719611830349546e+06
4.484210526315789425e-01 3.968421052631578849e-01 3.452631578947368274e-01 1.050417376028973609e+06
4.484210526315789425e-01 3.968421052631578849e-01 3.710526315789473562e-01 9.897976677313685650e+05
4.484210526315789425e-01 3.968421052631578849e-01 3.968421052631578849e-01 9.438203683371399529e+05
4.484210526315789425e-01 4.226315789473684137e-01 3.578947368421052377e-02 2.009645358189361170e+07
4.484210526315789425e-01 4.226315789473684137e-01 6.157894736842105254e-02 9.505636676675086841e+06
4.484210526315789425e-01 4.226315789473684137e-01 8.736842105263156744e-02 5.932999975244371220e+06
4.484210526315789425e-01 4.226315789473684137e-01 1.131578947368420962e-01 3.957601695768195670e+06
4.484210526315789425e-01 4.226315789473684137e-01 1.389473684210526250e-01 3.146336800497555640e+06
4.484210526315789425e-01 4.226315789473684137e-01 1.647368421052631537e-01 2.363425366333585698e+06
4.484210526315789425e-01 4.226315789473684137e-01 1.905263157894736825e-01 2.000795613712238614e+06
4.484210526315789425e-01 4.226315789473684137e-01 2.163157894736842113e-01 1.682440935084972065e+06
4.484210526315789425e-01 4.226315789473684137e-01 2.421052631578947401e-01 1.456987166650536470e+06
4.484210526315789425e-01 4.226315789473684137e-01 2.678947368421052411e-01 1.305797802070781123e+06
4.484210526315789425e-01 4.226315789473684137e-01 2.936842105263157698e-01 1.175922148764241487e+06
4.484210526315789425e-01 4.226315789473684137e-01 3.194736842105262986e-01 1.083973002893449273e+06
4.484210526315789425e-01 4.226315789473684137e-01 3.452631578947368274e-01 1.010416611509802518e+06
4.484210526315789425e-01 4.226315789473684137e-01 3.710526315789473562e-01 9.527107312076743692e+05
4.484210526315789425e-01 4.226315789473684137e-01 3.968421052631578849e-01 9.082979544786399929e+05
4.484210526315789425e-01 4.226315789473684137e-01 4.226315789473684137e-01 8.733304076829081168e+05
4.484210526315789425e-01 4.484210526315789425e-01 1.000000000000000021e-02 1.554719856979778223e+07
4.484210526315789425e-01 4.484210526315789425e-01 3.578947368421052377e-02 1.200579251691441424e+07
4.484210526315789425e-01 4.484210526315789425e-01 6.157894736842105254e-02 7.728172752268914133e+06
4.484210526315789425e-01 4.484210526315789425e-01 8.736842105263156744e-02 5.294013619076693431e+06
4.484210526315789425e-01 4.484210526315789425e-01 1.131578947368420962e-01 3.673138305189839099e+06
4.484210526315789425e-01 4.484210526315789425e-01 1.389473684210526250e-01 2.977158606361235026e+06
4.484210526315789425e-01 4.484210526315789425e-01 1.647368421052631537e-01 2.262010836851424538e+06
4.484210526315789425e-01 4.484210526315789425e-01 1.905263157894736825e-01 1.927855033596700989e+06
4.484210526315789425e-01 4.484210526315789425e-01 2.163157894736842113e-01 1.628129770496299025e+06
4.484210526315789425e-01 4.484210526315789425e-01 2.421052631578947401e-01 1.413787322030922864e+06
4.484210526315789425e-01 4.484210526315789425e-01 2.678947368421052411e-01 1.269221134967362043e+06
4.484210526315789425e-01 4.484210526315789425e-01 2.936842105263157698e-01 1.143908842673290055e+06
4.484210526315789425e-01 4.484210526315789425e-01 3.194736842105262986e-01 1.054727086820356082e+06
4.484210526315789425e-01 4.484210526315789425e-01 3.452631578947368274e-01 9.828676864532221807e+05
4.484210526315789425e-01 4.484210526315789425e-01 3.710526315789473562e-01 9.260416358733625384e+05
4.484210526315789425e-01 4.484210526315789425e-01 3.968421052631578849e-01 8.818749754818920046e+05
4.484210526315789425e-01 4.484210526315789425e-01 4.226315789473684137e-01 8.466402914620327065e+05
4.484210526315789425e-01 4.484210526315789425e-01 4.484210526315789425e-01 8.192429151734666666e+05
4.742105263157894712e-01 2.421052631578947401e-01 2.421052631578947401e-01 4.885317525252440944e+06
4.742105263157894712e-01 2.678947368421052411e-01 2.163157894736842113e-01 5.076200864854914136e+06
4.742105263157894712e-01 2.678947368421052411e-01 2.421052631578947401e-01 3.696252667170336470e+06
4.742105263157894712e-01 2.678947368421052411e-01 2.678947368421052411e-01 2.890119551631395239e+06
4.742105263157894712e-01 2.936842105263157698e-01 1.905263157894736825e-01 5.393111094269929454e+06
4.742105263157894712e-01 2.936842105263157698e-01 2.163157894736842113e-01 3.807866708553287666e+06
4.742105263157894712e-01 2.936842105263157698e-01 2.421052631578947401e-01 2.875552290107181761e+06
4.742105263157894712e-01 2.936842105263157698e-01 2.678947368421052411e-01 2.320939549971864559e+06
4.742105263157894712e-01 2.936842105263157698e-01 2.936842105263157698e-01 1.918809345202654134e+06
4.742105263157894712e-01 3.194736842105262986e-01 1.647368421052631537e-01 5.777620135175269097e+06
4.742105263157894712e-01 3.194736842105262986e-01 1.905263157894736825e-01 4.114123045137342997e+06
4.742105263157894712e-01 3.194736842105262986e-01 2.163157894736842113e-01 3.019929252667583991e+06
4.742105263157894712e-01 3.194736842105262986e-01 2.421052631578947401e-01 2.358518227902246173e+06
4.742105263157894712e-01 3.194736842105262986e-01 2.678947368421052411e-01 1.957273797441500705e+06
4.742105263157894712e-01 3.194736842105262986e-01 2.936842105263157698e-01 1.657772330669024028e+06
4.742105263157894712e-01 3.194736842105262986e-01 3.194736842105262986e-01 1.460099313010403421e+06
4.742105263157894712e-01 3.452631578947368274e-01 1.389473684210526250e-01 7.069401569072405808e+06
4.742105263157894712e-01 3.452631578947368274e-01 1.647368421052631537e-01 4.377425229649701156e+06
4.742105263157894712e-01 3.452631578947368274e-01 1.905263157894736825e-01 3.257414695096371230e+06
4.742105263157894712e-01 3.452631578947368274e-01 2.163157894736842113e-01 2.483280299482528586e+06
4.742105263157894712e-01 3.452631578947368274e-01 2.421052631578947401e-01 2.000294908035787288e+06
4.742105263157894712e-01 3.452631578947368274e-01 2.678947368421052411e-01 1.700816959240214899e+06
4.742105263157894712e-01 3.452631578947368274e-01 2.936842105263157698e-01 1.469921852660300210e+06
4.742105263157894712e-01 3.452631578947368274e-01 3.194736842105262986e-01 1.314801339387943503e+06
4.742105263157894712e-01 3.452631578947368274e-01 3.452631578947368274e-01 1.198196028875882272e+06
4.742105263157894712e-01 3.710526315789473562e-01 1.131578947368420962e-01 8.027094253404161893e+06
4.742105263157894712e-01 3.710526315789473562e-01 1.389473684210526250e-01 5.266173155637616292e+06
4.742105263157894712e-01 3.710526315789473562e-01 1.647368421052631537e-01 3.457870376924803015e+06
4.742105263157894712e-01 3.710526315789473562e-01 1.905263157894736825e-01 2.685628048154736403e+06
4.742105263157894712e-01 3.710526315789473562e-01 2.163157894736842113e-01 2.119308990824461915e+06
4.742105263157894712e-01 3.710526315789473562e-01 2.421052631578947401e-01 1.753258041218376718e+06
4.742105263157894712e-01 3.710526315789473562e-01 2.678947368421052411e-01 1.520909198689681012e+06
4.742105263157894712e-01 3.710526315789473562e-01 2.936842105263157698e-01 1.335553742166149430e+06
4.742105263157894712e-01 3.710526315789473562e-01 3.194736842105262986e-01 1.208779630950855557e+06
4.742105263157894712e-01 3.710526315789473562e-01 3.452631578947368274e-01 1.111338578125277534e+06
4.742105263157894712e-01 3.710526315789473562e-01 3.710526315789473562e-01 1.037290390449326951e+06
4.742105263157894712e-01 3.968421052631578849e-01 8.736842105263156744e-02 1.075477054562314600e+07
4.742105263157894712e-01 3.968421052631578849e-01 1.131578947368420962e-01 5.832951789354201406e+06
4.742105263157894712e-01 3.968421052631578849e-01 1.389473684210526250e-01 4.123158330278988928e+06
4.742105263157894712e-01 3.968421052631578849e-01 1.647368421052631537e-01 2.863687597492022905e+06
4.742105263157894712e-01 3.968421052631578849e-01 1.905263157894736825e-01 2.310177911466955673e+06
4.742105263157894712e-01 3.968421052631578849e-01 2.163157894736842113e-01 1.876326173282954376e+06
4.742105263157894712e-01 3.968421052631578849e-01 2.421052631578947401e-01 1.585444072049498558e+06
4.742105263157894712e-01 3.968421052631578849e-01 2.678947368421052411e-01 1.396501229039343074e+06
4.742105263157894712e-01 3.968421052631578849e-01 2.936842105263157698e-01 1.240748784486209042e+06
4.742105263157894712e-01 3.968421052631578849e-01 3.194736842105262986e-01 1.132449663915224373e+06
4.742105263157894712e-01 3.968421052631578849e-01 3.452631578947368274e-01 1.047511329904681887e+06
4.742105263157894712e-01 3.968421052631578849e-01 3.710526315789473562e-01 9.818034142202042276e+05
4.742105263157894712e-01 3.968421052631578849e-01 3.968421052631578849e-01 9.317109610493385699e+05
4.742105263157894712e-01 4.226315789473684137e-01 6.157894736842105254e-02 1.425660108330599219e+07
4.742105263157894712e-01 4.226315789473684137e-01 8.736842105263156744e-02 7.406361590406298637e+06
4.742105263157894712e-01 4.226315789473684137e-01 1.131578947368420962e-01 4.508665195374812931e+06
4.742105263157894712e-01 4.226315789473684137e-01 1.389473684210526250e-01 3.416023759328542743e+06
4.742105263157894712e-01 4.226315789473684137e-01 1.647368421052631537e-01 2.487828492219136097e+06
4.742105263157894712e-01 4.226315789473684137e-01 1.905263157894736825e-01 2.067910310006585903e+06
4.742105263157894712e-01 4.226315789473684137e-01 2.163157894736842113e-01 1.716075500812423881e+06
4.742105263157894712e-01 4.226315789473684137e-01 2.421052631578947401e-01 1.472146272801558487e+06
4.742105263157894712e-01 4.226315789473684137e-01 2.678947368421052411e-01 1.310484948412514757e+06
4.742105263157894712e-01 4.226315789473684137e-01 2.936842105263157698e-01 1.173439979096500436e+06
4.742105263157894712e-01 4.226315789473684137e-01 3.194736842105262986e-01 1.076838977219753899e+06
4.742105263157894712e-01 4.226315789473684137e-01 3.452631578947368274e-01 9.998087858928024070e+05
4.742105263157894712e-01 4.226315789473684137e-01 3.710526315789473562e-01 9.393420636308133835e+05
4.742105263157894712e-01 4.226315789473684137e-01 3.968421052631578849e-01 8.925860585376837989e+05
4.742105263157894712e-01 4.226315789473684137e-01 4.226315789473684137e-01 8.554499775964884320e+05
4.742105263157894712e-01 4.484210526315789425e-01 3.578947368421052377e-02 1.881364842674393579e+07
4.742105263157894712e-01 4.484210526315789425e-01 6.157894736842105254e-02 9.051564234464863315e+06
4.742105263157894712e-01 4.484210526315789425e-01 8.736842105263156744e-02 5.684599314257206395e+06
4.742105263157894712e-01 4.484210526315789425e-01 1.131578947368420962e-01 3.801681659220709465e+06
4.742105263157894712e-01 4.484210526315789425e-01 1.389473684210526250e-01 3.027151257984084543e+06
4.742105263157894712e-01 4.484210526315789425e-01 1.647368421052631537e-01 2.274542282334276009e+06
4.742105263157894712e-01 4.484210526315789425e-01 1.905263157894736825e-01 1.926289570939896628e+06
4.742105263157894712e-01 4.484210526315789425e-01 2.163157894736842113e-01 1.619198271774617489e+06
4.742105263157894712e-01 4.484210526315789425e-01 2.421052631578947401e-01 1.401177273314273916e+06
4.742105263157894712e-01 4.484210526315789425e-01 2.678947368421052411e-01 1.254694840351897292e+06
4.742105263157894712e-01 4.484210526315789425e-01 2.936842105263157698e-01 1.128125797715005232e+06
4.742105263157894712e-01 4.484210526315789425e-01 3.194736842105262986e-01 1.038081537733605597e+06
4.742105263157894712e-01 4.484210526315789425e-01 3.452631578947368274e-01 9.654569613750057761e+05
4.742105263157894712e-01 4.484210526315789425e-01 3.710526315789473562e-01 9.078568366399490042e+05
4.742105263157894712e-01 4.484210526315789425e-01 3.968421052631578849e-01 8.628502705510953674e+05
4.742105263157894712e-01 4.484210526315789425e-01 4.226315789473684137e-01 8.266531158042609459e+05
4.742105263157894712e-01 4.484210526315789425e-01 4.484210526315789425e-01 7.981516228429140756e+05
4.742105263157894712e-01 4.742105263157894712e-01 1.000000000000000021e-02 1.503802206894298270e+07
4.742105263157894712e-01 4.742105263157894712e-01 3.578947368421052377e-02 1.161246697561766393e+07
4.742105263157894712e-01 4.742105263157894712e-01 6.157894736842105254e-02 7.473978576808996499e+06
4.742105263157894712e-01 4.742105263157894712e-01 8.736842105263156744e-02 5.119278144403809682e+06
4.742105263157894712e-01 4.742105263157894712e-01 1.131578947368420962e-01 3.550678883192467038e+06
4.742105263157894712e-01 4.742105263157894712e-01 1.389473684210526250e-01 2.878096415210763924e+06
4.742105263157894712e-01 4.742105263157894712e-01 1.647368421052631537e-01 2.185230779502827208e+06
4.742105263157894712e-01 4.742105263157894712e-01 1.905263157894736825e-01 1.862020963233561255e+06
4.742105263157894712e-01 4.742105263157894712e-01 2.163157894736842113e-01 1.571325631329661235e+06
4.742105263157894712e-01 4.742105263157894712e-01 2.421052631578947401e-01 1.363116366765070707e+06
4.742105263157894712e-01 4.742105263157894712e-01 2.678947368421052411e-01 1.222522561886739451e+06
4.742105263157894712e-01 4.742105263157894712e-01 2.936842105263157698e-01 1.100088387396949343e+06
4.742105263157894712e-01 4.742105263157894712e-01 3.194736842105262986e-01 1.012630216845578398e+06
4.742105263157894712e-01 4.742105263157894712e-01 3.452631578947368274e-01 9.416970001257011900e+05
4.742105263157894712e-01 4.742105263157894712e-01 3.710526315789473562e-01 8.851146523571757134e+05
4.742105263157894712e-01 4.742105263157894712e-01 3.968421052631578849e-01 8.406129053236045875e+05
4.742105263157894712e-01 4.742105263157894712e-01 4.226315789473684137e-01 8.045205388314826414e+05
4.742105263157894712e-01 4.742105263157894712e-01 4.484210526315789425e-01 7.757899614503701450e+05
4.742105263157894712e-01 4.742105263157894712e-01 4.742105263157894712e-01 7.529093133329153061e+05
5.000000000000000000e-01 2.678947368421052411e-01 2.421052631578947401e-01 4.272490778832172044e+06
5.000000000000000000e-01 2.678947368421052411e-01 2.678947368421052411e-01 3.270973837389222812e+06
5.000000000000000000e-01 2.936842105263157698e-01 2.163157894736842113e-01 4.420682920011397451e+06
5.000000000000000000e-01 2.936842105263157698e-01 2.421052631578947401e-01 3.256621708425357472e+06
5.000000000000000000e-01 2.936842105263157698e-01 2.678947368421052411e-01 2.573035358056453522e+06
5.000000000000000000e-01 2.936842105263157698e-01 2.936842105263157698e-01 2.085078036567587871e+06
5.000000000000000000e-01 3.194736842105262986e-01 1.905263157894736825e-01 4.824477144847771153e+06
5.000000000000000000e-01 3.194736842105262986e-01 2.163157894736842113e-01 3.439053954473237973e+06
5.000000000000000000e-01 3.194736842105262986e-01 2.421052631578947401e-01 2.619433519155159127e+06
5.000000000000000000e-01 3.194736842105262986e-01 2.678947368421052411e-01 2.129434887429972645e+06
5.000000000000000000e-01 3.194736842105262986e-01 2.936842105263157698e-01 1.770388512379733846e+06
5.000000000000000000e-01 3.194736842105262986e-01 3.194736842105262986e-01 1.535280881978728343e+06
5.000000000000000000e-01 3.452631578947368274e-01 1.647368421052631537e-01 5.209299633451271802e+06
5.000000000000000000e-01 3.452631578947368274e-01 1.905263157894736825e-01 3.743494532742579933e+06
5.000000000000000000e-01 3.452631578947368274e-01 2.163157894736842113e-01 2.770555836225091945e+06
5.000000000000000000e-01 3.452631578947368274e-01 2.421052631578947401e-01 2.178540784446266945e+06
5.000000000000000000e-01 3.452631578947368274e-01 2.678947368421052411e-01 1.817498471231926233e+06
5.000000000000000000e-01 3.452631578947368274e-01 2.936842105263157698e-01 1.545030942355852108e+06
5.000000000000000000e-01 3.452631578947368274e-01 3.194736842105262986e-01 1.363656701467403676e+06
5.000000000000000000e-01 3.452631578947368274e-01 3.452631578947368274e-01 1.228495660848352592e+06
5.000000000000000000e-01 3.710526315789473562e-01 1.389473684210526250e-01 6.431769695883483626e+06
5.000000000000000000e-01 3.710526315789473562e-01 1.647368421052631537e-01 4.021232104145549703e+06
5.000000000000000000e-01 3.710526315789473562e-01 1.905263157894736825e-01 3.015820639807899948e+06
5.000000000000000000e-01 3.710526315789473562e-01 2.163157894736842113e-01 2.313762346961735748e+06
5.000000000000000000e-01 3.710526315789473562e-01 2.421052631578947401e-01 1.872716278993927408e+06
5.000000000000000000e-01 3.710526315789473562e-01 2.678947368421052411e-01 1.597817804152937140e+06
5.000000000000000000e-01 3.710526315789473562e-01 2.936842105263157698e-01 1.383594100997955538e+06
5.000000000000000000e-01 3.710526315789473562e-01 3.194736842105262986e-01 1.238526958585829008e+06
5.000000000000000000e-01 3.710526315789473562e-01 3.452631578947368274e-01 1.128100463573632995e+06
5.000000000000000000e-01 3.710526315789473562e-01 3.710526315789473562e-01 1.044528897643851116e+06
5.000000000000000000e-01 3.968421052631578849e-01 1.131578947368420962e-01 7.384150756073031574e+06
5.000000000000000000e-01 3.968421052631578849e-01 1.389473684210526250e-01 4.891147031730487011e+06
5.000000000000000000e-01 3.968421052631578849e-01 1.647368421052631537e-01 3.236104434988224413e+06
5.000000000000000000e-01 3.968421052631578849e-01 1.905263157894736825e-01 2.527683371340470854e+06
5.000000000000000000e-01 3.968421052631578849e-01 2.163157894736842113e-01 2.002855280443237163e+06
5.000000000000000000e-01 3.968421052631578849e-01 2.421052631578947401e-01 1.661476908991806675e+06
5.000000000000000000e-01 3.968421052631578849e-01 2.678947368421052411e-01 1.443809520814216696e+06
5.000000000000000000e-01 3.968421052631578849e-01 2.936842105263157698e-01 1.268517352172866696e+06
5.000000000000000000e-01 3.968421052631578849e-01 3.194736842105262986e-01 1.147807130528378533e+06
5.000000000000000000e-01 3.968421052631578849e-01 3.452631578947368274e-01 1.054021838659856236e+06
5.000000000000000000e-01 3.968421052631578849e-01 3.710526315789473562e-01 9.817843248440995812e+05
5.000000000000000000e-01 3.968421052631578849e-01 3.968421052631578849e-01 9.266713040488603292e+05
5.000000000000000000e-01 4.226315789473684137e-01 8.736842105263156744e-02 9.948923599650720134e+06
5.000000000000000000e-01 4.226315789473684137e-01 1.131578947368420962e-01 5.458001199827293865e+06
5.000000000000000000e-01 4.226315789473684137e-01 1.389473684210526250e-01 3.888588399470010772e+06
5.000000000000000000e-01 4.226315789473684137e-01 1.647368421052631537e-01 2.715067051835801918e+06
5.000000000000000000e-01 4.226315789473684137e-01 1.905263157894736825e-01 2.198362689877465833e+06
5.000000000000000000e-01 4.226315789473684137e-01 2.163157894736842113e-01 1.789522574031905271e+06
5.000000000000000000e-01 4.226315789473684137e-01 2.421052631578947401e-01 1.513944253451996483e+06
5.000000000000000000e-01 4.226315789473684137e-01 2.678947368421052411e-01 1.334294105298286770e+06
5.000000000000000000e-01 4.226315789473684137e-01 2.936842105263157698e-01 1.185017623361076927e+06
5.000000000000000000e-01 4.226315789473684137e-01 3.194736842105262986e-01 1.080637535763628315e+06
5.000000000000000000e-01 4.226315789473684137e-01 3.452631578947368274e-01 9.980332461470462149e+05
5.000000000000000000e-01 4.226315789473684137e-01 3.710526315789473562e-01 9.334100153196376050e+05
5.000000000000000000e-01 4.226315789473684137e-01 3.968421052631578849e-01 8.834072189451368758e+05
5.000000000000000000e-01 4.226315789473684137e-01 4.226315789473684137e-01 8.435362727871286916e+05
5.000000000000000000e-01 4.484210526315789425e-01 6.157894736842105254e-02 1.329856279874375463e+07
5.000000000000000000e-01 4.484210526315789425e-01 8.736842105263156744e-02 7.001966689512378536e+06
5.000000000000000000e-01 4.484210526315789425e-01 1.131578947368420962e-01 4.294419312036728486e+06
5.000000000000000000e-01 4.484210526315789425e-01 1.389473684210526250e-01 3.268198840551818721e+06
5.000000000000000000e-01 4.484210526315789425e-01 1.647368421052631537e-01 2.385681564127832185e+06
5.000000000000000000e-01 4.484210526315789425e-01 1.905263157894736825e-01 1.986185623591476120e+06
5.000000000000000000e-01 4.484210526315789425e-01 2.163157894736842113e-01 1.649214431815284770e+06
5.000000000000000000e-01 4.484210526315789425e-01 2.421052631578947401e-01 1.414766348514551297e+06
5.000000000000000000e-01 4.484210526315789425e-01 2.678947368421052411e-01 1.259031093262111535e+06
5.000000000000000000e-01 4.484210526315789425e-01 2.936842105263157698e-01 1.126217488406980643e+06
5.000000000000000000e-01 4.484210526315789425e-01 3.194736842105262986e-01 1.032201756423607701e+06
5.000000000000000000e-01 4.484210526315789425e-01 3.452631578947368274e-01 9.566996259109277744e+05
5.000000000000000000e-01 4.484210526315789425e-01 3.710526315789473562e-01 8.968988313087988645e+05
5.000000000000000000e-01 4.484210526315789425e-01 3.968421052631578849e-01 8.501046748694424750e+05
5.000000000000000000e-01 4.484210526315789425e-01 4.226315789473684137e-01 8.123234972382124979e+05
5.000000000000000000e-01 4.484210526315789425e-01 4.484210526315789425e-01 7.823432623840083834e+05
5.000000000000000000e-01 4.742105263157894712e-01 3.578947368421052377e-02 1.772667105270492658e+07
5.000000000000000000e-01 4.742105263157894712e-01 6.157894736842105254e-02 8.665135686125960201e+06
5.000000000000000000e-01 4.742105263157894712e-01 8.736842105263156744e-02 5.472021295560980216e+06
5.000000000000000000e-01 4.742105263157894712e-01 1.131578947368420962e-01 3.667372758446690626e+06
5.000000000000000000e-01 4.742105263157894712e-01 1.389473684210526250e-01 2.923848580491012428e+06
5.000000000000000000e-01 4.742105263157894712e-01 1.647368421052631537e-01 2.197038398882760201e+06
5.000000000000000000e-01 4.742105263157894712e-01 1.905263157894736825e-01 1.861003653917465825e+06
5.000000000000000000e-01 4.742105263157894712e-01 2.163157894736842113e-01 1.563612686607573647e+06
5.000000000000000000e-01 4.742105263157894712e-01 2.421052631578947401e-01 1.352085333927695639e+06
5.000000000000000000e-01 4.742105263157894712e-01 2.678947368421052411e-01 1.209797173754832009e+06
5.000000000000000000e-01 4.742105263157894712e-01 2.936842105263157698e-01 1.086317948939644964e+06
5.000000000000000000e-01 4.742105263157894712e-01 3.194736842105262986e-01 9.981994760385846021e+05
5.000000000000000000e-01 4.742105263157894712e-01 3.452631578947368274e-01 9.267339976884631906e+05
5.000000000000000000e-01 4.742105263157894712e-01 3.710526315789473562e-01 8.696491600817689905e+05
5.000000000000000000e-01 4.742105263157894712e-01 3.968421052631578849e-01 8.246219354230093304e+05
5.000000000000000000e-01 4.742105263157894712e-01 4.226315789473684137e-01 7.879351013072862988e+05
5.000000000000000000e-01 4.742105263157894712e-01 4.484210526315789425e-01 7.585248142791136634e+05
5.000000000000000000e-01 4.742105263157894712e-01 4.742105263157894712e-01 7.348613659500296926e+05
5.000000000000000000e-01 5.000000000000000000e-01 1.000000000000000021e-02 1.460262293533840962e+07
5.000000000000000000e-01 5.000000000000000000e-01 3.578947368421052377e-02 1.127558827607779577e+07
5.000000000000000000e-01 5.000000000000000000e-01 6.157894736842105254e-02 7.255509402035433799e+06
5.000000000000000000e-01 5.000000000000000000e-01 8.736842105263156744e-02 4.968415951049041934e+06
5.000000000000000000e-01 5.000000000000000000e-01 1.131578947368420962e-01 3.444377881191914435e+06
5.000000000000000000e-01 5.000000000000000000e-01 1.389473684210526250e-01 2.791661737998808734e+06
5.000000000000000000e-01 5.000000000000000000e-01 1.647368421052631537e-01 2.117907806488288566e+06
5.000000000000000000e-01 5.000000000000000000e-01 1.905263157894736825e-01 1.804060438605642412e+06
5.000000000000000000e-01 5.000000000000000000e-01 2.163157894736842113e-01 1.521192668681453913e+06
5.000000000000000000e-01 5.000000000000000000e-01 2.421052631578947401e-01 1.318370696110117249e+06
5.000000000000000000e-01 5.000000000000000000e-01 2.678947368421052411e-01 1.181327325183144538e+06
5.000000000000000000e-01 5.000000000000000000e-01 2.936842105263157698e-01 1.061577233163507655e+06
5.000000000000000000e-01 5.000000000000000000e-01 3.194736842105262986e-01 9.758354933071366977e+05
5.000000000000000000e-01 5.000000000000000000e-01 3.452631578947368274e-01 9.059842148853663821e+05
5.000000000000000000e-01 5.000000000000000000e-01 3.710526315789473562e-01 8.499453581364094280e+05
5.000000000000000000e-01 5.000000000000000000e-01 3.968421052631578849e-01 8.055370125869867625e+05
5.000000000000000000e-01 5.000000000000000000e-01 4.226315789473684137e-01 7.691460765482985880e+05
5.000000000000000000e-01 5.000000000000000000e-01 4.484210526315789425e-01 7.397676819292514119e+05
5.000000000000000000e-01 5.000000000000000000e-01 4.742105263157894712e-01 7.159141500261264155e+05
5.000000000000000000e-01 5.000000000000000000e-01 5.000000000000000000e-01 6.965813312761606649e+05
