1.000000000000000021e-02 1.000000000000000021e-02 1.000000000000000021e-02 2.064962259099540999e+06
3.578947368421052377e-02 3.578947368421052377e-02 1.000000000000000021e-02 6.986930322412225604e+07
3.578947368421052377e-02 3.578947368421052377e-02 3.578947368421052377e-02 4.555453227336276323e+06
6.157894736842105254e-02 3.578947368421052377e-02 3.578947368421052377e-02 2.439157186633650064e+08
6.157894736842105254e-02 6.157894736842105254e-02 1.000000000000000021e-02 7.770862094312250614e+07
6.157894736842105254e-02 6.157894736842105254e-02 3.578947368421052377e-02 3.316169566392357275e+07
6.157894736842105254e-02 6.157894736842105254e-02 6.157894736842105254e-02 5.133968017276359722e+06
8.736842105263156744e-02 6.157894736842105254e-02 3.578947368421052377e-02 2.025134522352033257e+08
8.736842105263156744e-02 6.157894736842105254e-02 6.157894736842105254e-02 3.761031119506457448e+07
8.736842105263156744e-02 8.736842105263156744e-02 1.000000000000000021e-02 6.518023710727231205e+07
8.736842105263156744e-02 8.736842105263156744e-02 3.578947368421052377e-02 3.880215047548098862e+07
8.736842105263156744e-02 8.736842105263156744e-02 6.157894736842105254e-02 1.250327357216240652e+07
8.736842105263156744e-02 8.736842105263156744e-02 8.736842105263156744e-02 4.275674970058741979e+06
1.131578947368420962e-01 6.157894736842105254e-02 6.157894736842105254e-02 1.627364536346361935e+08
1.131578947368420962e-01 8.736842105263156744e-02 3.578947368421052377e-02 1.606321600265493393e+08
1.131578947368420962e-01 8.736842105263156744e-02 6.157894736842105254e-02 4.016184569378586113e+07
1.131578947368420962e-01 8.736842105263156744e-02 8.736842105263156744e-02 1.230306261710889451e+07
1.131578947368420962e-01 1.131578947368420962e-01 1.000000000000000021e-02 5.028404097097243369e+07
1.131578947368420962e-01 1.131578947368420962e-01 3.578947368421052377e-02 3.374491757347455621e+07
1.131578947368420962e-01 1.131578947368420962e-01 6.157894736842105254e-02 1.544217097179520130e+07
1.131578947368420962e-01 1.131578947368420962e-01 8.736842105263156744e-02 6.311115067576180212e+06
1.131578947368420962e-01 1.131578947368420962e-01 1.131578947368420962e-01 3.229042953685485758e+06
1.389473684210526250e-01 8.736842105263156744e-02 6.157894736842105254e-02 1.174825236244352013e+08
1.389473684210526250e-01 8.736842105263156744e-02 8.736842105263156744e-02 3.628797281857919693e+07
1.389473684210526250e-01 1.131578947368420962e-01 3.578947368421052377e-02 1.063391010178135484e+08
1.389473684210526250e-01 1.131578947368420962e-01 6.157894736842105254e-02 3.117053600522465259e+07
1.389473684210526250e-01 1.131578947368420962e-01 8.736842105263156744e-02 1.202547200053687394e+07
1.389473684210526250e-01 1.131578947368420962e-01 1.131578947368420962e-01 4.902569372027272359e+06
1.389473684210526250e-01 1.389473684210526250e-01 1.000000000000000021e-02 4.228984984748563170e+07
1.389473684210526250e-01 1.389473684210526250e-01 3.578947368421052377e-02 2.978768656284713000e+07
1.389473684210526250e-01 1.389473684210526250e-01 6.157894736842105254e-02 1.544163727804476582e+07
1.389473684210526250e-01 1.389473684210526250e-01 8.736842105263156744e-02 7.681241635264631361e+06
1.389473684210526250e-01 1.389473684210526250e-01 1.131578947368420962e-01 3.661825511796373408e+06
1.389473684210526250e-01 1.389473684210526250e-01 1.389473684210526250e-01 2.658881675950355828e+06
1.647368421052631537e-01 8.736842105263156744e-02 8.736842105263156744e-02 8.694284400575864315e+07
1.647368421052631537e-01 1.131578947368420962e-01 6.157894736842105254e-02 8.482300608974952996e+07
1.647368421052631537e-01 1.131578947368420962e-01 8.736842105263156744e-02 2.966382913118475676e+07
1.647368421052631537e-01 1.131578947368420962e-01 1.131578947368420962e-01 1.152406298248532042e+07
1.647368421052631537e-01 1.389473684210526250e-01 3.578947368421052377e-02 9.923652612274722755e+07
1.647368421052631537e-01 1.389473684210526250e-01 6.157894736842105254e-02 2.986880967428097129e+07
1.647368421052631537e-01 1.389473684210526250e-01 8.736842105263156744e-02 1.284260799463487603e+07
1.647368421052631537e-01 1.389473684210526250e-01 1.131578947368420962e-01 5.870123929672919214e+06
1.647368421052631537e-01 1.389473684210526250e-01 1.389473684210526250e-01 3.481509517992506735e+06
1.647368421052631537e-01 1.647368421052631537e-01 1.000000000000000021e-02 3.313073301509287208e+07
1.647368421052631537e-01 1.647368421052631537e-01 3.578947368421052377e-02 2.410525608278806508e+07
1.647368421052631537e-01 1.647368421052631537e-01 6.157894736842105254e-02 1.353595289672168903e+07
1.647368421052631537e-01 1.647368421052631537e-01 8.736842105263156744e-02 7.619640216600948945e+06
1.647368421052631537e-01 1.647368421052631537e-01 1.131578947368420962e-01 4.116050018469506875e+06
1.647368421052631537e-01 1.647368421052631537e-01 1.389473684210526250e-01 2.696261201534325257e+06
1.647368421052631537e-01 1.647368421052631537e-01 1.647368421052631537e-01 2.005342816153140971e+06
1.905263157894736825e-01 1.131578947368420962e-01 8.736842105263156744e-02 6.011341124325678498e+07
1.905263157894736825e-01 1.131578947368420962e-01 1.131578947368420962e-01 2.294434780627383292e+07
1.905263157894736825e-01 1.389473684210526250e-01 6.157894736842105254e-02 7.071419796216164529e+07
1.905263157894736825e-01 1.389473684210526250e-01 8.736842105263156744e-02 2.613626283679540083e+07
1.905263157894736825e-01 1.389473684210526250e-01 1.131578947368420962e-01 1.112655595401399024e+07
1.905263157894736825e-01 1.389473684210526250e-01 1.389473684210526250e-01 6.034961176377905533e+06
1.905263157894736825e-01 1.647368421052631537e-01 3.578947368421052377e-02 6.776131159334629774e+07
1.905263157894736825e-01 1.647368421052631537e-01 6.157894736842105254e-02 2.241907343510735780e+07
1.905263157894736825e-01 1.647368421052631537e-01 8.736842105263156744e-02 1.065990045231578313e+07
1.905263157894736825e-01 1.647368421052631537e-01 1.131578947368420962e-01 5.439313769789207727e+06
1.905263157894736825e-01 1.647368421052631537e-01 1.389473684210526250e-01 3.414974731003981084e+06
1.905263157894736825e-01 1.647368421052631537e-01 1.647368421052631537e-01 2.200575679658871610e+06
1.905263157894736825e-01 1.905263157894736825e-01 1.000000000000000021e-02 2.845925310847496614e+07
1.905263157894736825e-01 1.905263157894736825e-01 3.578947368421052377e-02 2.104904407711189985e+07
1.905263157894736825e-01 1.905263157894736825e-01 6.157894736842105254e-02 1.228293429761124216e+07
1.905263157894736825e-01 1.905263157894736825e-01 8.736842105263156744e-02 7.326014561946157366e+06
1.905263157894736825e-01 1.905263157894736825e-01 1.131578947368420962e-01 4.250505652059029788e+06
1.905263157894736825e-01 1.905263157894736825e-01 1.389473684210526250e-01 2.904944117001653183e+06
1.905263157894736825e-01 1.905263157894736825e-01 1.647368421052631537e-01 1.948372884800600586e+06
1.905263157894736825e-01 1.905263157894736825e-01 1.905263157894736825e-01 1.670228931326509686e+06
2.163157894736842113e-01 1.131578947368420962e-01 1.131578947368420962e-01 4.200268087315881997e+07
2.163157894736842113e-01 1.389473684210526250e-01 8.736842105263156744e-02 5.011729980098796636e+07
2.163157894736842113e-01 1.389473684210526250e-01 1.131578947368420962e-01 2.037348358976320177e+07
2.163157894736842113e-01 1.389473684210526250e-01 1.389473684210526250e-01 1.068778653012610786e+07
2.163157894736842113e-01 1.647368421052631537e-01 6.157894736842105254e-02 5.198173819746468216e+07
2.163157894736842113e-01 1.647368421052631537e-01 8.736842105263156744e-02 2.020387276587322354e+07
2.163157894736842113e-01 1.647368421052631537e-01 1.131578947368420962e-01 9.259555705033162609e+06
2.163157894736842113e-01 1.647368421052631537e-01 1.389473684210526250e-01 5.408531784263463691e+06
2.163157894736842113e-01 1.647368421052631537e-01 1.647368421052631537e-01 3.090709968114478514e+06
2.163157894736842113e-01 1.905263157894736825e-01 3.578947368421052377e-02 6.079498684100951254e+07
2.163157894736842113e-01 1.905263157894736825e-01 6.157894736842105254e-02 2.021083390318002924e+07
2.163157894736842113e-01 1.905263157894736825e-01 8.736842105263156744e-02 9.928169070716978982e+06
2.163157894736842113e-01 1.905263157894736825e-01 1.131578947368420962e-01 5.346284059063646011e+06
2.163157894736842113e-01 1.905263157894736825e-01 1.389473684210526250e-01 3.522874020442596637e+06
2.163157894736842113e-01 1.905263157894736825e-01 1.647368421052631537e-01 2.240538915057331789e+06
2.163157894736842113e-01 1.905263157894736825e-01 1.905263157894736825e-01 1.745015579299820820e+06
2.163157894736842113e-01 2.163157894736842113e-01 1.000000000000000021e-02 2.409432954108836502e+07
2.163157894736842113e-01 2.163157894736842113e-01 3.578947368421052377e-02 1.803198779826648161e+07
2.163157894736842113e-01 2.163157894736842113e-01 6.157894736842105254e-02 1.081287627652391605e+07
2.163157894736842113e-01 2.163157894736842113e-01 8.736842105263156744e-02 6.710747324431454763e+06
2.163157894736842113e-01 2.163157894736842113e-01 1.131578947368420962e-01 4.099067697779266629e+06
2.163157894736842113e-01 2.163157894736842113e-01 1.389473684210526250e-01 2.926230893655526452e+06
2.163157894736842113e-01 2.163157894736842113e-01 1.647368421052631537e-01 1.968072145910729421e+06
2.163157894736842113e-01 2.163157894736842113e-01 1.905263157894736825e-01 1.562250685074849287e+06
2.163157894736842113e-01 2.163157894736842113e-01 2.163157894736842113e-01 1.356852069349644938e+06
2.421052631578947401e-01 1.389473684210526250e-01 1.131578947368420962e-01 3.455673471208786219e+07
2.421052631578947401e-01 1.389473684210526250e-01 1.389473684210526250e-01 1.777810793219042569e+07
2.421052631578947401e-01 1.647368421052631537e-01 8.736842105263156744e-02 3.697885887455134839e+07
2.421052631578947401e-01 1.647368421052631537e-01 1.131578947368420962e-01 1.574029282818772271e+07
2.421052631578947401e-01 1.647368421052631537e-01 1.389473684210526250e-01 8.743437518076865003e+06
2.421052631578947401e-01 1.647368421052631537e-01 1.647368421052631537e-01 4.700610183463995345e+06
2.421052631578947401e-01 1.905263157894736825e-01 6.157894736842105254e-02 4.501189816882265359e+07
2.421052631578947401e-01 1.905263157894736825e-01 8.736842105263156744e-02 1.786899220436172187e+07
2.421052631578947401e-01 1.905263157894736825e-01 1.131578947368420962e-01 8.503420790704237297e+06
2.421052631578947401e-01 1.905263157894736825e-01 1.389473684210526250e-01 5.187815080041866750e+06
2.421052631578947401e-01 1.905263157894736825e-01 1.647368421052631537e-01 3.066797809016542975e+06
2.421052631578947401e-01 1.905263157894736825e-01 1.905263157894736825e-01 2.179908628642420750e+06
2.421052631578947401e-01 2.163157894736842113e-01 3.578947368421052377e-02 4.992606085172063857e+07
2.421052631578947401e-01 2.163157894736842113e-01 6.157894736842105254e-02 1.711975692395302653e+07
2.421052631578947401e-01 2.163157894736842113e-01 8.736842105263156744e-02 8.724552892979918048e+06
2.421052631578947401e-01 2.163157894736842113e-01 1.131578947368420962e-01 4.911967733754377812e+06
2.421052631578947401e-01 2.163157894736842113e-01 1.389473684210526250e-01 3.375132672449574340e+06
2.421052631578947401e-01 2.163157894736842113e-01 1.647368421052631537e-01 2.204453433574574068e+06
2.421052631578947401e-01 2.163157894736842113e-01 1.905263157894736825e-01 1.686196986065043369e+06
2.421052631578947401e-01 2.163157894736842113e-01 2.163157894736842113e-01 1.367138842731744982e+06
2.421052631578947401e-01 2.421052631578947401e-01 1.000000000000000021e-02 2.084861502326410264e+07
2.421052631578947401e-01 2.421052631578947401e-01 3.578947368421052377e-02 1.572563989389466308e+07
2.421052631578947401e-01 2.421052631578947401e-01 6.157894736842105254e-02 9.599133265853656456e+06
2.421052631578947401e-01 2.421052631578947401e-01 8.736842105263156744e-02 6.111390837297707796e+06
2.421052631578947401e-01 2.421052631578947401e-01 1.131578947368420962e-01 3.858774063919167966e+06
2.421052631578947401e-01 2.421052631578947401e-01 1.389473684210526250e-01 2.842124865493357182e+06
2.421052631578947401e-01 2.421052631578947401e-01 1.647368421052631537e-01 1.952522524887834908e+06
2.421052631578947401e-01 2.421052631578947401e-01 1.905263157894736825e-01 1.538187158993006451e+06
2.421052631578947401e-01 2.421052631578947401e-01 2.163157894736842113e-01 1.254052747874277877e+06
2.421052631578947401e-01 2.421052631578947401e-01 2.421052631578947401e-01 1.123461207743528532e+06
2.678947368421052411e-01 1.389473684210526250e-01 1.389473684210526250e-01 2.794763051978523284e+07
2.678947368421052411e-01 1.647368421052631537e-01 1.131578947368420962e-01 2.538713892922457308e+07
2.678947368421052411e-01 1.647368421052631537e-01 1.389473684210526250e-01 1.360146017540849932e+07
2.678947368421052411e-01 1.647368421052631537e-01 1.647368421052631537e-01 7.078059954051224515e+06
2.678947368421052411e-01 1.905263157894736825e-01 8.736842105263156744e-02 3.136509239055673406e+07
2.678947368421052411e-01 1.905263157894736825e-01 1.131578947368420962e-01 1.369837690068801306e+07
2.678947368421052411e-01 1.905263157894736825e-01 1.389473684210526250e-01 7.867237760474292561e+06
2.678947368421052411e-01 1.905263157894736825e-01 1.647368421052631537e-01 4.404804424764224328e+06
2.678947368421052411e-01 1.905263157894736825e-01 1.905263157894736825e-01 2.946959834689014591e+06
2.678947368421052411e-01 2.163157894736842113e-01 6.157894736842105254e-02 3.653110907236974686e+07
2.678947368421052411e-01 2.163157894736842113e-01 8.736842105263156744e-02 1.490021520853540488e+07
2.678947368421052411e-01 2.163157894736842113e-01 1.131578947368420962e-01 7.345132517281980254e+06
2.678947368421052411e-01 2.163157894736842113e-01 1.389473684210526250e-01 4.652156471051570028e+06
2.678947368421052411e-01 2.163157894736842113e-01 1.647368421052631537e-01 2.854474148313258309e+06
2.678947368421052411e-01 2.163157894736842113e-01 1.905263157894736825e-01 2.065735651461178670e+06
2.678947368421052411e-01 2.163157894736842113e-01 2.163157894736842113e-01 1.555601181018848205e+06
2.678947368421052411e-01 2.421052631578947401e-01 3.578947368421052377e-02 4.080531669043858349e+07
2.678947368421052411e-01 2.421052631578947401e-01 6.157894736842105254e-02 1.454857693948590942e+07
2.678947368421052411e-01 2.421052631578947401e-01 8.736842105263156744e-02 7.669322365179071203e+06
2.678947368421052411e-01 2.421052631578947401e-01 1.131578947368420962e-01 4.467952683408572339e+06
2.678947368421052411e-01 2.421052631578947401e-01 1.389473684210526250e-01 3.167604350063499063e+06
2.678947368421052411e-01 2.421052631578947401e-01 1.647368421052631537e-01 2.125339469410347287e+06
2.678947368421052411e-01 2.421052631578947401e-01 1.905263157894736825e-01 1.641988721683462616e+06
2.678947368421052411e-01 2.421052631578947401e-01 2.163157894736842113e-01 1.298954497546052327e+06
2.678947368421052411e-01 2.421052631578947401e-01 2.421052631578947401e-01 1.112487240370348562e+06
2.678947368421052411e-01 2.678947368421052411e-01 1.000000000000000021e-02 1.856997904107735679e+07
2.678947368421052411e-01 2.678947368421052411e-01 3.578947368421052377e-02 1.407961537054041959e+07
2.678947368421052411e-01 2.678947368421052411e-01 6.157894736842105254e-02 8.694510165496345609e+06
2.678947368421052411e-01 2.678947368421052411e-01 8.736842105263156744e-02 5.627273298977437429e+06
2.678947368421052411e-01 2.678947368421052411e-01 1.131578947368420962e-01 3.629466327485093847e+06
2.678947368421052411e-01 2.678947368421052411e-01 1.389473684210526250e-01 2.729984289296749514e+06
2.678947368421052411e-01 2.678947368421052411e-01 1.647368421052631537e-01 1.910814015814471291e+06
2.678947368421052411e-01 2.678947368421052411e-01 1.905263157894736825e-01 1.517274633336217143e+06
2.678947368421052411e-01 2.678947368421052411e-01 2.163157894736842113e-01 1.218195483825899661e+06
2.678947368421052411e-01 2.678947368421052411e-01 2.421052631578947401e-01 1.041994334893673775e+06
2.678947368421052411e-01 2.678947368421052411e-01 2.678947368421052411e-01 9.594169243083611364e+05
2.936842105263157698e-01 1.647368421052631537e-01 1.389473684210526250e-01 2.055141034892842919e+07
2.936842105263157698e-01 1.647368421052631537e-01 1.647368421052631537e-01 1.047446637146385945e+07
2.936842105263157698e-01 1.905263157894736825e-01 1.131578947368420962e-01 2.151734514340884984e+07
2.936842105263157698e-01 1.905263157894736825e-01 1.389473684210526250e-01 1.181587190424875543e+07
2.936842105263157698e-01 1.905263157894736825e-01 1.647368421052631537e-01 6.372082885627241805e+06
2.936842105263157698e-01 1.905263157894736825e-01 1.905263157894736825e-01 4.103742265846253838e+06
2.936842105263157698e-01 2.163157894736842113e-01 8.736842105263156744e-02 2.576228169230344146e+07
2.936842105263157698e-01 2.163157894736842113e-01 1.131578947368420962e-01 1.151129873193492927e+07
2.936842105263157698e-01 2.163157894736842113e-01 1.389473684210526250e-01 6.796851172165708616e+06
2.936842105263157698e-01 2.163157894736842113e-01 1.647368421052631537e-01 3.938447246218121145e+06
2.936842105263157698e-01 2.163157894736842113e-01 1.905263157894736825e-01 2.710955394744815305e+06
2.936842105263157698e-01 2.163157894736842113e-01 2.163157894736842113e-01 1.918806985087319510e+06
2.936842105263157698e-01 2.421052631578947401e-01 6.157894736842105254e-02 3.075215980016739666e+07
2.936842105263157698e-01 2.421052631578947401e-01 8.736842105263156744e-02 1.279084892330399342e+07
2.936842105263157698e-01 2.421052631578947401e-01 1.131578947368420962e-01 6.466618794507239014e+06
2.936842105263157698e-01 2.421052631578947401e-01 1.389473684210526250e-01 4.206412107750741765e+06
2.936842105263157698e-01 2.421052631578947401e-01 1.647368421052631537e-01 2.655490319087098353e+06
2.936842105263157698e-01 2.421052631578947401e-01 1.905263157894736825e-01 1.960591590132286074e+06
2.936842105263157698e-01 2.421052631578947401e-01 2.163157894736842113e-01 1.478293965056380956e+06
2.936842105263157698e-01 2.421052631578947401e-01 2.421052631578947401e-01 1.197207219265962252e+06
2.936842105263157698e-01 2.678947368421052411e-01 3.578947368421052377e-02 3.668885244535551220e+07
2.936842105263157698e-01 2.678947368421052411e-01 6.157894736842105254e-02 1.313344698948736675e+07
2.936842105263157698e-01 2.678947368421052411e-01 8.736842105263156744e-02 7.002017546137729660e+06
2.936842105263157698e-01 2.678947368421052411e-01 1.131578947368420962e-01 4.149665554019515403e+06
2.936842105263157698e-01 2.678947368421052411e-01 1.389473684210526250e-01 2.995830788314970210e+06
2.936842105263157698e-01 2.678947368421052411e-01 1.647368421052631537e-01 2.047406794704718748e+06
2.936842105263157698e-01 2.678947368421052411e-01 1.905263157894736825e-01 1.600208513746666955e+06
2.936842105263157698e-01 2.678947368421052411e-01 2.163157894736842113e-01 1.261760518199747195e+06
2.936842105263157698e-01 2.678947368421052411e-01 2.421052631578947401e-01 1.052984791347512975e+06
2.936842105263157698e-01 2.678947368421052411e-01 2.678947368421052411e-01 9.389215610910840333e+05
2.936842105263157698e-01 2.936842105263157698e-01 1.000000000000000021e-02 1.656063671506385319e+07
2.936842105263157698e-01 2.936842105263157698e-01 3.578947368421052377e-02 1.260519322987047955e+07
2.936842105263157698e-01 2.936842105263157698e-01 6.157894736842105254e-02 7.851827263150569983e+06
2.936842105263157698e-01 2.936842105263157698e-01 8.736842105263156744e-02 5.144248039088925347e+06
2.936842105263157698e-01 2.936842105263157698e-01 1.131578947368420962e-01 3.370582302762225736e+06
2.936842105263157698e-01 2.936842105263157698e-01 1.389473684210526250e-01 2.575352045592040289e+06
2.936842105263157698e-01 2.936842105263157698e-01 1.647368421052631537e-01 1.831037932437994750e+06
2.936842105263157698e-01 2.936842105263157698e-01 1.905263157894736825e-01 1.469071745321563678e+06
2.936842105263157698e-01 2.936842105263157698e-01 2.163157894736842113e-01 1.178788651129279518e+06
2.936842105263157698e-01 2.936842105263157698e-01 2.421052631578947401e-01 9.910549985065141227e+05
2.936842105263157698e-01 2.936842105263157698e-01 2.678947368421052411e-01 8.810419715355357621e+05
2.936842105263157698e-01 2.936842105263157698e-01 2.936842105263157698e-01 8.146799902210414875e+05
3.194736842105262986e-01 1.647368421052631537e-01 1.647368421052631537e-01 1.506594653604569845e+07
3.194736842105262986e-01 1.905263157894736825e-01 1.389473684210526250e-01 1.723165570814410970e+07
3.194736842105262986e-01 1.905263157894736825e-01 1.647368421052631537e-01 9.034864745929483324e+06
3.194736842105262986e-01 1.905263157894736825e-01 1.905263157894736825e-01 5.673404367826294154e+06
3.194736842105262986e-01 2.163157894736842113e-01 1.131578947368420962e-01 1.757710387041226402e+07
3.194736842105262986e-01 2.163157894736842113e-01 1.389473684210526250e-01 9.853701859202401713e+06
3.194736842105262986e-01 2.163157894736842113e-01 1.647368421052631537e-01 5.466486436558299698e+06
3.194736842105262986e-01 2.163157894736842113e-01 1.905263157894736825e-01 3.623013577489887830e+06
3.194736842105262986e-01 2.163157894736842113e-01 2.163157894736842113e-01 2.453873461793013383e+06
3.194736842105262986e-01 2.421052631578947401e-01 8.736842105263156744e-02 2.153113953258229047e+07
3.194736842105262986e-01 2.421052631578947401e-01 1.131578947368420962e-01 9.805602127325136214e+06
3.194736842105262986e-01 2.421052631578947401e-01 1.389473684210526250e-01 5.917873412628887221e+06
3.194736842105262986e-01 2.421052631578947401e-01 1.647368421052631537e-01 3.520737216833785176e+06
3.194736842105262986e-01 2.421052631578947401e-01 1.905263157894736825e-01 2.481698381407323293e+06
3.194736842105262986e-01 2.421052631578947401e-01 2.163157894736842113e-01 1.785945269377536140e+06
3.194736842105262986e-01 2.421052631578947401e-01 2.421052631578947401e-01 1.374143981142027536e+06
3.194736842105262986e-01 2.678947368421052411e-01 6.157894736842105254e-02 2.686702444889935106e+07
3.194736842105262986e-01 2.678947368421052411e-01 8.736842105263156744e-02 1.133233012630420551e+07
3.194736842105262986e-01 2.678947368421052411e-01 1.131578947368420962e-01 5.830867972123196349e+06
3.194736842105262986e-01 2.678947368421052411e-01 1.389473684210526250e-01 3.863452834015936591e+06
3.194736842105262986e-01 2.678947368421052411e-01 1.647368421052631537e-01 2.488315417258645408e+06
3.194736842105262986e-01 2.678947368421052411e-01 1.905263157894736825e-01 1.867169956922047073e+06
3.194736842105262986e-01 2.678947368421052411e-01 2.163157894736842113e-01 1.419468858404150466e+06
3.194736842105262986e-01 2.678947368421052411e-01 2.421052631578947401e-01 1.142084835963289719e+06
3.194736842105262986e-01 2.678947368421052411e-01 2.678947368421052411e-01 9.800454310190763790e+05
3.194736842105262986e-01 2.936842105263157698e-01 3.578947368421052377e-02 3.102598799420618638e+07
3.194736842105262986e-01 2.936842105263157698e-01 6.157894736842105254e-02 1.147220941176205873e+07
3.194736842105262986e-01 2.936842105263157698e-01 8.736842105263156744e-02 6.260574840870902874e+06
3.194736842105262986e-01 2.936842105263157698e-01 1.131578947368420962e-01 3.786071213879937306e+06
3.194736842105262986e-01 2.936842105263157698e-01 1.389473684210526250e-01 2.781775701593824662e+06
3.194736842105262986e-01 2.936842105263157698e-01 1.647368421052631537e-01 1.933493194601294817e+06
3.194736842105262986e-01 2.936842105263157698e-01 1.905263157894736825e-01 1.530384748611931689e+06
3.194736842105262986e-01 2.936842105263157698e-01 2.163157894736842113e-01 1.213094214435546426e+06
3.194736842105262986e-01 2.936842105263157698e-01 2.421052631578947401e-01 1.005895170010523638e+06
3.194736842105262986e-01 2.936842105263157698e-01 2.678947368421052411e-01 8.792512106140190735e+05
3.194736842105262986e-01 2.936842105263157698e-01 2.936842105263157698e-01 7.943206000596855301e+05
3.194736842105262986e-01 3.194736842105262986e-01 1.000000000000000021e-02 1.507291447805896029e+07
3.194736842105262986e-01 3.194736842105262986e-01 3.578947368421052377e-02 1.150378341328708827e+07
3.194736842105262986e-01 3.194736842105262986e-01 6.157894736842105254e-02 7.208406384193060920e+06
3.194736842105262986e-01 3.194736842105262986e-01 8.736842105263156744e-02 4.762200731162492186e+06
3.194736842105262986e-01 3.194736842105262986e-01 1.131578947368420962e-01 3.153742702808780130e+06
3.194736842105262986e-01 3.194736842105262986e-01 1.389473684210526250e-01 2.436020278111518826e+06
3.194736842105262986e-01 3.194736842105262986e-01 1.647368421052631537e-01 1.751569637765415013e+06
3.194736842105262986e-01 3.194736842105262986e-01 1.905263157894736825e-01 1.417808820365263149e+06
3.194736842105262986e-01 3.194736842105262986e-01 2.163157894736842113e-01 1.141888580246906495e+06
3.194736842105262986e-01 3.194736842105262986e-01 2.421052631578947401e-01 9.557615730464952067e+05
3.194736842105262986e-01 3.194736842105262986e-01 2.678947368421052411e-01 8.378995665868120268e+05
3.194736842105262986e-01 3.194736842105262986e-01 2.936842105263157698e-01 7.536747521009112243e+05
3.194736842105262986e-01 3.194736842105262986e-01 3.194736842105262986e-01 7.074421123238631990e+05
3.452631578947368274e-01 1.905263157894736825e-01 1.647368421052631537e-01 1.259310385463745892e+07
3.452631578947368274e-01 1.905263157894736825e-01 1.905263157894736825e-01 7.758441818383864127e+06
3.452631578947368274e-01 2.163157894736842113e-01 1.389473684210526250e-01 1.404616762374377809e+07
3.452631578947368274e-01 2.163157894736842113e-01 1.647368421052631537e-01 7.533337112001223490e+06
3.452631578947368274e-01 2.163157894736842113e-01 1.905263157894736825e-01 4.850922296392552555e+06
3.452631578947368274e-01 2.163157894736842113e-01 2.163157894736842113e-01 3.184364678987559862e+06
3.452631578947368274e-01 2.421052631578947401e-01 1.131578947368420962e-01 1.470692651442653872e+07
3.452631578947368274e-01 2.421052631578947401e-01 1.389473684210526250e-01 8.382153564900856465e+06
3.452631578947368274e-01 2.421052631578947401e-01 1.647368421052631537e-01 4.752876573887444101e+06
3.452631578947368274e-01 2.421052631578947401e-01 1.905263157894736825e-01 3.221015502382240258e+06
3.452631578947368274e-01 2.421052631578947401e-01 2.163157894736842113e-01 2.228838568180760369e+06
3.452631578947368274e-01 2.421052631578947401e-01 2.421052631578947401e-01 1.643695863806108711e+06
3.452631578947368274e-01 2.678947368421052411e-01 8.736842105263156744e-02 1.877994897344077379e+07
3.452631578947368274e-01 2.678947368421052411e-01 1.131578947368420962e-01 8.666735352777948603e+06
3.452631578947368274e-01 2.678947368421052411e-01 1.389473684210526250e-01 5.310941277203885838e+06
3.452631578947368274e-01 2.678947368421052411e-01 1.647368421052631537e-01 3.218420225331361406e+06
3.452631578947368274e-01 2.678947368421052411e-01 1.905263157894736825e-01 2.307904622652007267e+06
3.452631578947368274e-01 2.678947368421052411e-01 2.163157894736842113e-01 1.684418508522073971e+06
3.452631578947368274e-01 2.678947368421052411e-01 2.421052631578947401e-01 1.303186425759205129e+06
3.452631578947368274e-01 2.678947368421052411e-01 2.678947368421052411e-01 1.075299169365570415e+06
3.452631578947368274e-01 2.936842105263157698e-01 6.157894736842105254e-02 2.301362351657111943e+07
3.452631578947368274e-01 2.936842105263157698e-01 8.736842105263156744e-02 9.888017113862326369e+06
3.452631578947368274e-01 2.936842105263157698e-01 1.131578947368420962e-01 5.185918553483350202e+06
3.452631578947368274e-01 2.936842105263157698e-01 1.389473684210526250e-01 3.498153607366288081e+06
3.452631578947368274e-01 2.936842105263157698e-01 1.647368421052631537e-01 2.294427207033690065e+06
3.452631578947368274e-01 2.936842105263157698e-01 1.905263157894736825e-01 1.747941474774410715e+06
3.452631578947368274e-01 2.936842105263157698e-01 2.163157894736842113e-01 1.343129515710813226e+06
3.452631578947368274e-01 2.936842105263157698e-01 2.421052631578947401e-01 1.083487065406799782e+06
3.452631578947368274e-01 2.936842105263157698e-01 2.678947368421052411e-01 9.226615475730998442e+05
3.452631578947368274e-01 2.936842105263157698e-01 2.936842105263157698e-01 8.094445478514641291e+05
3.452631578947368274e-01 3.194736842105262986e-01 3.578947368421052377e-02 2.760975841362522170e+07
3.452631578947368274e-01 3.194736842105262986e-01 6.157894736842105254e-02 1.037267094551363587e+07
3.452631578947368274e-01 3.194736842105262986e-01 8.736842105263156744e-02 5.732928570304857567e+06
3.452631578947368274e-01 3.194736842105262986e-01 1.131578947368420962e-01 3.509569260461021215e+06
3.452631578947368274e-01 3.194736842105262986e-01 1.389473684210526250e-01 2.607943037936178036e+06
3.452631578947368274e-01 3.194736842105262986e-01 1.647368421052631537e-01 1.833459612301339163e+06
3.452631578947368274e-01 3.194736842105262986e-01 1.905263157894736825e-01 1.464851640877094120e+06
3.452631578947368274e-01 3.194736842105262986e-01 2.163157894736842113e-01 1.167784558888408123e+06
3.452631578947368274e-01 3.194736842105262986e-01 2.421052631578947401e-01 9.680139723692252301e+05
3.452631578947368274e-01 3.194736842105262986e-01 2.678947368421052411e-01 8.397932920065794606e+05
3.452631578947368274e-01 3.194736842105262986e-01 2.936842105263157698e-01 7.448647700651220512e+05
3.452631578947368274e-01 3.194736842105262986e-01 3.194736842105262986e-01 6.875830706152971834e+05
3.452631578947368274e-01 3.452631578947368274e-01 1.000000000000000021e-02 1.384126589974986948e+07
3.452631578947368274e-01 3.452631578947368274e-01 3.578947368421052377e-02 1.058478236816820130e+07
3.452631578947368274e-01 3.452631578947368274e-01 6.157894736842105254e-02 6.661395249125065282e+06
3.452631578947368274e-01 3.452631578947368274e-01 8.736842105263156744e-02 4.427662617297285236e+06
3.452631578947368274e-01 3.452631578947368274e-01 1.131578947368420962e-01 2.955018890090329573e+06
3.452631578947368274e-01 3.452631578947368274e-01 1.389473684210526250e-01 2.300858641719430685e+06
3.452631578947368274e-01 3.452631578947368274e-01 1.647368421052631537e-01 1.668393312557829311e+06
3.452631578947368274e-01 3.452631578947368274e-01 1.905263157894736825e-01 1.360217022131961770e+06
3.452631578947368274e-01 3.452631578947368274e-01 2.163157894736842113e-01 1.100371319121003617e+06
3.452631578947368274e-01 3.452631578947368274e-01 2.421052631578947401e-01 9.209789344317674404e+05
3.452631578947368274e-01 3.452631578947368274e-01 2.678947368421052411e-01 8.031132997556159971e+05
3.452631578947368274e-01 3.452631578947368274e-01 2.936842105263157698e-01 7.125684154678444611e+05
3.452631578947368274e-01 3.452631578947368274e-01 3.194736842105262986e-01 6.550418841237805318e+05
3.452631578947368274e-01 3.452631578947368274e-01 3.452631578947368274e-01 6.186253011111473897e+05
3.710526315789473562e-01 1.905263157894736825e-01 1.905263157894736825e-01 1.047233185282522254e+07
3.710526315789473562e-01 2.163157894736842113e-01 1.647368421052631537e-01 1.025037919210650958e+07
3.710526315789473562e-01 2.163157894736842113e-01 1.905263157894736825e-01 6.449775049148016609e+06
3.710526315789473562e-01 2.163157894736842113e-01 2.163157894736842113e-01 4.137307678290033247e+06
3.710526315789473562e-01 2.421052631578947401e-01 1.389473684210526250e-01 1.172731981463347748e+07
3.710526315789473562e-01 2.421052631578947401e-01 1.647368421052631537e-01 6.401966300997604616e+06
3.710526315789473562e-01 2.421052631578947401e-01 1.905263157894736825e-01 4.203041134472840466e+06
3.710526315789473562e-01 2.421052631578947401e-01 2.163157894736842113e-01 2.819041079831325915e+06
3.710526315789473562e-01 2.421052631578947401e-01 2.421052631578947401e-01 2.011228152023184579e+06
3.710526315789473562e-01 2.678947368421052411e-01 1.131578947368420962e-01 1.279232563241577893e+07
3.710526315789473562e-01 2.678947368421052411e-01 1.389473684210526250e-01 7.380117587697667070e+06
3.710526315789473562e-01 2.678947368421052411e-01 1.647368421052631537e-01 4.251428049825263210e+06
3.710526315789473562e-01 2.678947368421052411e-01 1.905263157894736825e-01 2.928179481990624219e+06
3.710526315789473562e-01 2.678947368421052411e-01 2.163157894736842113e-01 2.059184921257384820e+06
3.710526315789473562e-01 2.678947368421052411e-01 2.421052631578947401e-01 1.537150760750068119e+06
3.710526315789473562e-01 2.678947368421052411e-01 2.678947368421052411e-01 1.224085246772934915e+06
3.710526315789473562e-01 2.936842105263157698e-01 8.736842105263156744e-02 1.613031740981498361e+07
3.710526315789473562e-01 2.936842105263157698e-01 1.131578947368420962e-01 7.556075150201519951e+06
3.710526315789473562e-01 2.936842105263157698e-01 1.389473684210526250e-01 4.703064825762277469e+06
3.710526315789473562e-01 2.936842105263157698e-01 1.647368421052631537e-01 2.899785332947708666e+06
3.710526315789473562e-01 2.936842105263157698e-01 1.905263157894736825e-01 2.112603548373083584e+06
3.710526315789473562e-01 2.936842105263157698e-01 2.163157894736842113e-01 1.563518029807955492e+06
3.710526315789473562e-01 2.936842105263157698e-01 2.421052631578947401e-01 1.220563796341225738e+06
3.710526315789473562e-01 2.936842105263157698e-01 2.678947368421052411e-01 1.008889594074186520e+06
3.710526315789473562e-01 2.936842105263157698e-01 2.936842105263157698e-01 8.576706729565318674e+05
3.710526315789473562e-01 3.194736842105262986e-01 6.157894736842105254e-02 2.038626056467742100e+07
3.710526315789473562e-01 3.194736842105262986e-01 8.736842105263156744e-02 8.874616826559124514e+06
3.710526315789473562e-01 3.194736842105262986e-01 1.131578947368420962e-01 4.717362433542443439e+06
3.710526315789473562e-01 3.194736842105262986e-01 1.389473684210526250e-01 3.222348255729345605e+06
3.710526315789473562e-01 3.194736842105262986e-01 1.647368421052631537e-01 2.140707099992441013e+06
3.710526315789473562e-01 3.194736842105262986e-01 1.905263157894736825e-01 1.648829791446564952e+06
3.710526315789473562e-01 3.194736842105262986e-01 2.163157894736842113e-01 1.277854973634349881e+06
3.710526315789473562e-01 3.194736842105262986e-01 2.421052631578947401e-01 1.035144906729718903e+06
3.710526315789473562e-01 3.194736842105262986e-01 2.678947368421052411e-01 8.803019225771458587e+05
3.710526315789473562e-01 3.194736842105262986e-01 2.936842105263157698e-01 7.647385533016218105e+05
3.710526315789473562e-01 3.194736842105262986e-01 3.194736842105262986e-01 6.913235592643154087e+05
3.710526315789473562e-01 3.452631578947368274e-01 3.578947368421052377e-02 2.459963803966682032e+07
3.710526315789473562e-01 3.452631578947368274e-01 6.157894736842105254e-02 9.416593982674261555e+06
3.710526315789473562e-01 3.452631578947368274e-01 8.736842105263156744e-02 5.270955180167745799e+06
3.710526315789473562e-01 3.452631578947368274e-01 1.131578947368420962e-01 3.261159881155476440e+06
3.710526315789473562e-01 3.452631578947368274e-01 1.389473684210526250e-01 2.445824745371274184e+06
3.710526315789473562e-01 3.452631578947368274e-01 1.647368421052631537e-01 1.735022771446887404e+06
3.710526315789473562e-01 3.452631578947368274e-01 1.905263157894736825e-01 1.396810461555959657e+06
3.710526315789473562e-01 3.452631578947368274e-01 2.163157894736842113e-01 1.119630900736446260e+06
3.710526315789473562e-01 3.452631578947368274e-01 2.421052631578947401e-01 9.299502499500929844e+05
3.710526315789473562e-01 3.452631578947368274e-01 2.678947368421052411e-01 8.050738797415205045e+05
3.710526315789473562e-01 3.452631578947368274e-01 2.936842105263157698e-01 7.079209993796315975e+05
3.710526315789473562e-01 3.452631578947368274e-01 3.194736842105262986e-01 6.440356426808588440e+05
3.710526315789473562e-01 3.452631578947368274e-01 3.452631578947368274e-01 6.005796179761952953e+05
3.710526315789473562e-01 3.710526315789473562e-01 1.000000000000000021e-02 1.283151498018580303e+07
3.710526315789473562e-01 3.710526315789473562e-01 3.578947368421052377e-02 9.826879706780446693e+06
3.710526315789473562e-01 3.710526315789473562e-01 6.157894736842105254e-02 6.203929031824624166e+06
3.710526315789473562e-01 3.710526315789473562e-01 8.736842105263156744e-02 4.141857529566157144e+06
3.710526315789473562e-01 3.710526315789473562e-01 1.131578947368420962e-01 2.779791163629200310e+06
3.710526315789473562e-01 3.710526315789473562e-01 1.389473684210526250e-01 2.177183494490064681e+06
3.710526315789473562e-01 3.710526315789473562e-01 1.647368421052631537e-01 1.588526116220243508e+06
3.710526315789473562e-01 3.710526315789473562e-01 1.905263157894736825e-01 1.302344039606868057e+06
3.710526315789473562e-01 3.710526315789473562e-01 2.163157894736842113e-01 1.057765600034676492e+06
3.710526315789473562e-01 3.710526315789473562e-01 2.421052631578947401e-01 8.865953165196897462e+05
3.710526315789473562e-01 3.710526315789473562e-01 2.678947368421052411e-01 7.719288042712679598e+05
3.710526315789473562e-01 3.710526315789473562e-01 2.936842105263157698e-01 6.803887115099516232e+05
3.710526315789473562e-01 3.710526315789473562e-01 3.194736842105262986e-01 6.185352548551609507e+05
3.710526315789473562e-01 3.710526315789473562e-01 3.452631578947368274e-01 5.745258565990109928e+05
3.710526315789473562e-01 3.710526315789473562e-01 3.710526315789473562e-01 5.457835568837792380e+05
3.968421052631578849e-01 2.163157894736842113e-01 1.905263157894736825e-01 8.495239114252401516e+06
3.968421052631578849e-01 2.163157894736842113e-01 2.163157894736842113e-01 5.350594061104131863e+06
3.968421052631578849e-01 2.421052631578947401e-01 1.647368421052631537e-01 8.544522041098918766e+06
3.968421052631578849e-01 2.421052631578947401e-01 1.905263157894736825e-01 5.465362320836430416e+06
3.968421052631578849e-01 2.421052631578947401e-01 2.163157894736842113e-01 3.575357122709606308e+06
3.968421052631578849e-01 2.421052631578947401e-01 2.421052631578947401e-01 2.486030313756083138e+06
3.968421052631578849e-01 2.678947368421052411e-01 1.389473684210526250e-01 1.016271831383484975e+07
3.968421052631578849e-01 2.678947368421052411e-01 1.647368421052631537e-01 5.621748025362268090e+06
3.968421052631578849e-01 2.678947368421052411e-01 1.905263157894736825e-01 3.744196866428424604e+06
3.968421052631578849e-01 2.678947368421052411e-01 2.163157894736842113e-01 2.551624303389370441e+06
3.968421052631578849e-01 2.678947368421052411e-01 2.421052631578947401e-01 1.847690664424868068e+06
3.968421052631578849e-01 2.678947368421052411e-01 2.678947368421052411e-01 1.427608247724300018e+06
3.968421052631578849e-01 2.936842105263157698e-01 1.131578947368420962e-01 1.098891590366437286e+07
3.968421052631578849e-01 2.936842105263157698e-01 1.389473684210526250e-01 6.420756477986278012e+06
3.968421052631578849e-01 2.936842105263157698e-01 1.647368421052631537e-01 3.755289135006895289e+06
3.968421052631578849e-01 2.936842105263157698e-01 1.905263157894736825e-01 2.625515743620833382e+06
3.968421052631578849e-01 2.936842105263157698e-01 2.163157894736842113e-01 1.874131550310981227e+06
3.968421052631578849e-01 2.936842105263157698e-01 2.421052631578947401e-01 1.416581342606778024e+06
3.968421052631578849e-01 2.936842105263157698e-01 2.678947368421052411e-01 1.137048641054573702e+06
3.968421052631578849e-01 2.936842105263157698e-01 2.936842105263157698e-01 9.375691184329187963e+05
3.968421052631578849e-01 3.194736842105262986e-01 8.736842105263156744e-02 1.424763502000517212e+07
3.968421052631578849e-01 3.194736842105262986e-01 1.131578947368420962e-01 6.753283592585794628e+06
3.968421052631578849e-01 3.194736842105262986e-01 1.389473684210526250e-01 4.254179942034477368e+06
3.968421052631578849e-01 3.194736842105262986e-01 1.647368421052631537e-01 2.657282130609169602e+06
3.968421052631578849e-01 3.194736842105262986e-01 1.905263157894736825e-01 1.959061986837673234e+06
3.968421052631578849e-01 3.194736842105262986e-01 2.163157894736842113e-01 1.465454436234599911e+06
3.968421052631578849e-01 3.194736842105262986e-01 2.421052631578947401e-01 1.152942584618089488e+06
3.968421052631578849e-01 3.194736842105262986e-01 2.678947368421052411e-01 9.565338135246547172e+05
3.968421052631578849e-01 3.194736842105262986e-01 2.936842105263157698e-01 8.110453558456402970e+05
3.968421052631578849e-01 3.194736842105262986e-01 3.194736842105262986e-01 7.164723133310978301e+05
3.968421052631578849e-01 3.452631578947368274e-01 6.157894736842105254e-02 1.808841291977002099e+07
3.968421052631578849e-01 3.452631578947368274e-01 8.736842105263156744e-02 7.988661786604909226e+06
3.968421052631578849e-01 3.452631578947368274e-01 1.131578947368420962e-01 4.303164907954376191e+06
3.968421052631578849e-01 3.452631578947368274e-01 1.389473684210526250e-01 2.973507229244402610e+06
3.968421052631578849e-01 3.452631578947368274e-01 1.647368421052631537e-01 1.997213733027051901e+06
3.968421052631578849e-01 3.452631578947368274e-01 1.905263157894736825e-01 1.552720252846190706e+06
3.968421052631578849e-01 3.452631578947368274e-01 2.163157894736842113e-01 1.212531164267279441e+06
3.968421052631578849e-01 3.452631578947368274e-01 2.421052631578947401e-01 9.869528143162572524e+05
3.968421052631578849e-01 3.452631578947368274e-01 2.678947368421052411e-01 8.405449641797870863e+05
3.968421052631578849e-01 3.452631578947368274e-01 2.936842105263157698e-01 7.275048226241064258e+05
3.968421052631578849e-01 3.452631578947368274e-01 3.194736842105262986e-01 6.519742648610866163e+05
3.968421052631578849e-01 3.452631578947368274e-01 3.452631578947368274e-01 5.985559114220341435e+05
3.968421052631578849e-01 3.710526315789473562e-01 3.578947368421052377e-02 2.200800494091628492e+07
3.968421052631578849e-01 3.710526315789473562e-01 6.157894736842105254e-02 8.601753033164910972e+06
3.968421052631578849e-01 3.710526315789473562e-01 8.736842105263156744e-02 4.875526761909049004e+06
3.968421052631578849e-01 3.710526315789473562e-01 1.131578947368420962e-01 3.044728455503126606e+06
3.968421052631578849e-01 3.710526315789473562e-01 1.389473684210526250e-01 2.300993775288559031e+06
3.968421052631578849e-01 3.710526315789473562e-01 1.647368421052631537e-01 1.643895011203895789e+06
3.968421052631578849e-01 3.710526315789473562e-01 1.905263157894736825e-01 1.331534679497771431e+06
3.968421052631578849e-01 3.710526315789473562e-01 2.163157894736842113e-01 1.072293502389209112e+06
3.968421052631578849e-01 3.710526315789473562e-01 2.421052631578947401e-01 8.929019085680488497e+05
3.968421052631578849e-01 3.710526315789473562e-01 2.678947368421052411e-01 7.731016290351623902e+05
3.968421052631578849e-01 3.710526315789473562e-01 2.936842105263157698e-01 6.771679232106561540e+05
3.968421052631578849e-01 3.710526315789473562e-01 3.194736842105262986e-01 6.114184350016546668e+05
3.968421052631578849e-01 3.710526315789473562e-01 3.452631578947368274e-01 5.632981943624285050e+05
3.968421052631578849e-01 3.710526315789473562e-01 3.710526315789473562e-01 5.300103358807123732e+05
3.968421052631578849e-01 3.968421052631578849e-01 1.000000000000000021e-02 1.200750731078547798e+07
3.968421052631578849e-01 3.968421052631578849e-01 3.578947368421052377e-02 9.205568442629318684e+06
3.968421052631578849e-01 3.968421052631578849e-01 6.157894736842105254e-02 5.824894295601719059e+06
3.968421052631578849e-01 3.968421052631578849e-01 8.736842105263156744e-02 3.901260934295102954e+06
3.968421052631578849e-01 3.968421052631578849e-01 1.131578947368420962e-01 2.628861925838350318e+06
3.968421052631578849e-01 3.968421052631578849e-01 1.389473684210526250e-01 2.067879957808830542e+06
3.968421052631578849e-01 3.968421052631578849e-01 1.647368421052631537e-01 1.515566660815485986e+06
3.968421052631578849e-01 3.968421052631578849e-01 1.905263157894736825e-01 1.247796758876831504e+06
3.968421052631578849e-01 3.968421052631578849e-01 2.163157894736842113e-01 1.016751584329837468e+06
3.968421052631578849e-01 3.968421052631578849e-01 2.421052631578947401e-01 8.536865851556309499e+05
3.968421052631578849e-01 3.968421052631578849e-01 2.678947368421052411e-01 7.432662963443089975e+05
3.968421052631578849e-01 3.968421052631578849e-01 2.936842105263157698e-01 6.530669651246473659e+05
3.968421052631578849e-01 3.968421052631578849e-01 3.194736842105262986e-01 5.901873302245575469e+05
3.968421052631578849e-01 3.968421052631578849e-01 3.452631578947368274e-01 5.429981405437822687e+05
3.968421052631578849e-01 3.968421052631578849e-01 3.710526315789473562e-01 5.091049532623805571e+05
3.968421052631578849e-01 3.968421052631578849e-01 3.968421052631578849e-01 4.863229683088040329e+05
4.226315789473684137e-01 2.163157894736842113e-01 2.163157894736842113e-01 6.879636153051525354e+06
4.226315789473684137e-01 2.421052631578947401e-01 1.905263157894736825e-01 7.065529521779362112e+06
4.226315789473684137e-01 2.421052631578947401e-01 2.163157894736842113e-01 4.527748432755468413e+06
4.226315789473684137e-01 2.421052631578947401e-01 2.421052631578947401e-01 3.084354030864869244e+06
4.226315789473684137e-01 2.678947368421052411e-01 1.647368421052631537e-01 7.391582046419272199e+06
4.226315789473684137e-01 2.678947368421052411e-01 1.905263157894736825e-01 4.786943296721440740e+06
4.226315789473684137e-01 2.678947368421052411e-01 2.163157894736842113e-01 3.177792689241281711e+06
4.226315789473684137e-01 2.678947368421052411e-01 2.421052631578947401e-01 2.243471222967653535e+06
4.226315789473684137e-01 2.678947368421052411e-01 2.678947368421052411e-01 1.690406088250004919e+06
4.226315789473684137e-01 2.936842105263157698e-01 1.389473684210526250e-01 8.727650844627959654e+06
4.226315789473684137e-01 2.936842105263157698e-01 1.647368421052631537e-01 4.889681875838674605e+06
4.226315789473684137e-01 2.936842105263157698e-01 1.905263157894736825e-01 3.300256550471224356e+06
4.226315789473684137e-01 2.936842105263157698e-01 2.163157894736842113e-01 2.281686446147545241e+06
4.226315789473684137e-01 2.936842105263157698e-01 2.421052631578947401e-01 1.674982194175738143e+06
4.226315789473684137e-01 2.936842105263157698e-01 2.678947368421052411e-01 1.308752018632919760e+06
4.226315789473684137e-01 2.936842105263157698e-01 2.936842105263157698e-01 1.049385918383944547e+06
4.226315789473684137e-01 3.194736842105262986e-01 1.131578947368420962e-01 9.702187647057980299e+06
4.226315789473684137e-01 3.194736842105262986e-01 1.389473684210526250e-01 5.726746996593941003e+06
4.226315789473684137e-01 3.194736842105262986e-01 1.647368421052631537e-01 3.389018864120436832e+06
4.226315789473684137e-01 3.194736842105262986e-01 1.905263157894736825e-01 2.396833070594675839e+06
4.226315789473684137e-01 3.194736842105262986e-01 2.163157894736842113e-01 1.730507021444360493e+06
4.226315789473684137e-01 3.194736842105262986e-01 2.421052631578947401e-01 1.320928232960036024e+06
4.226315789473684137e-01 3.194736842105262986e-01 2.678947368421052411e-01 1.067806307733551133e+06
4.226315789473684137e-01 3.194736842105262986e-01 2.936842105263157698e-01 8.828482884337144205e+05
4.226315789473684137e-01 3.194736842105262986e-01 3.194736842105262986e-01 7.616993833669212181e+05
4.226315789473684137e-01 3.452631578947368274e-01 8.736842105263156744e-02 1.265221009209530987e+07
4.226315789473684137e-01 3.452631578947368274e-01 1.131578947368420962e-01 6.067152050135153346e+06
4.226315789473684137e-01 3.452631578947368274e-01 1.389473684210526250e-01 3.865053355816535652e+06
4.226315789473684137e-01 3.452631578947368274e-01 1.647368421052631537e-01 2.441983918937796727e+06
4.226315789473684137e-01 3.452631578947368274e-01 1.905263157894736825e-01 1.818825279814598616e+06
4.226315789473684137e-01 3.452631578947368274e-01 2.163157894736842113e-01 1.373078265616667457e+06
4.226315789473684137e-01 3.452631578947368274e-01 2.421052631578947401e-01 1.087977209304373479e+06
4.226315789473684137e-01 3.452631578947368274e-01 2.678947368421052411e-01 9.066766201314763166e+05
4.226315789473684137e-01 3.452631578947368274e-01 2.936842105263157698e-01 7.691524494341509417e+05
4.226315789473684137e-01 3.452631578947368274e-01 3.194736842105262986e-01 6.769514868673912715e+05
4.226315789473684137e-01 3.452631578947368274e-01 3.452631578947368274e-01 6.105997882593990071e+05
4.226315789473684137e-01 3.710526315789473562e-01 6.157894736842105254e-02 1.619521365955488011e+07
4.226315789473684137e-01 3.710526315789473562e-01 8.736842105263156744e-02 7.252941225393008441e+06
4.226315789473684137e-01 3.710526315789473562e-01 1.131578947368420962e-01 3.954107533865558449e+06
4.226315789473684137e-01 3.710526315789473562e-01 1.389473684210526250e-01 2.759666611807103269e+06
4.226315789473684137e-01 3.710526315789473562e-01 1.647368421052631537e-01 1.870427025231338106e+06
4.226315789473684137e-01 3.710526315789473562e-01 1.905263157894736825e-01 1.465253673174499301e+06
4.226315789473684137e-01 3.710526315789473562e-01 2.163157894736842113e-01 1.151411783699010732e+06
4.226315789473684137e-01 3.710526315789473562e-01 2.421052631578947401e-01 9.413083082493012771e+05
4.226315789473684137e-01 3.710526315789473562e-01 2.678947368421052411e-01 8.034794625068879686e+05
4.226315789473684137e-01 3.710526315789473562e-01 2.936842105263157698e-01 6.947086917426801519e+05
4.226315789473684137e-01 3.710526315789473562e-01 3.194736842105262986e-01 6.199963683021967299e+05
4.226315789473684137e-01 3.710526315789473562e-01 3.452631578947368274e-01 5.646273568459681701e+05
4.226315789473684137e-01 3.710526315789473562e-01 3.710526315789473562e-01 5.250176220060270280e+05
4.226315789473684137e-01 3.968421052631578849e-01 3.578947368421052377e-02 2.000031205442848057e+07
4.226315789473684137e-01 3.968421052631578849e-01 6.157894736842105254e-02 7.952050221709322184e+06
4.226315789473684137e-01 3.968421052631578849e-01 8.736842105263156744e-02 4.551996714545225725e+06
4.226315789473684137e-01 3.968421052631578849e-01 1.131578947368420962e-01 2.862908094933801331e+06
4.226315789473684137e-01 3.968421052631578849e-01 1.389473684210526250e-01 2.176102021949030459e+06
4.226315789473684137e-01 3.968421052631578849e-01 1.647368421052631537e-01 1.562833164735947037e+06
4.226315789473684137e-01 3.968421052631578849e-01 1.905263157894736825e-01 1.271733768234166550e+06
4.226315789473684137e-01 3.968421052631578849e-01 2.163157894736842113e-01 1.027867690048950724e+06
4.226315789473684137e-01 3.968421052631578849e-01 2.421052631578947401e-01 8.578813780744201504e+05
4.226315789473684137e-01 3.968421052631578849e-01 2.678947368421052411e-01 7.434083363732256694e+05
4.226315789473684137e-01 3.968421052631578849e-01 2.936842105263157698e-01 6.500419754569856450e+05
4.226315789473684137e-01 3.968421052631578849e-01 3.194736842105262986e-01 5.845839891476712655e+05
4.226315789473684137e-01 3.968421052631578849e-01 3.452631578947368274e-01 5.348301490941972006e+05
4.226315789473684137e-01 3.968421052631578849e-01 3.710526315789473562e-01 4.982008894399246783e+05
4.226315789473684137e-01 3.968421052631578849e-01 3.968421052631578849e-01 4.723946584046349744e+05
4.226315789473684137e-01 4.226315789473684137e-01 1.000000000000000021e-02 1.131453883585829847e+07
4.226315789473684137e-01 4.226315789473684137e-01 3.578947368421052377e-02 8.681060302495980635e+06
4.226315789473684137e-01 4.226315789473684137e-01 6.157894736842105254e-02 5.502076529358735308e+06
4.226315789473684137e-01 4.226315789473684137e-01 8.736842105263156744e-02 3.693667269151062705e+06
4.226315789473684137e-01 4.226315789473684137e-01 1.131578947368420962e-01 2.496224738082773052e+06
4.226315789473684137e-01 4.226315789473684137e-01 1.389473684210526250e-01 1.969854163274506573e+06
4.226315789473684137e-01 4.226315789473684137e-01 1.647368421052631537e-01 1.448435919469229877e+06
4.226315789473684137e-01 4.226315789473684137e-01 1.905263157894736825e-01 1.196352060962110525e+06
4.226315789473684137e-01 4.226315789473684137e-01 2.163157894736842113e-01 9.772959729157566326e+05
4.226315789473684137e-01 4.226315789473684137e-01 2.421052631578947401e-01 8.218449107846484985e+05
4.226315789473684137e-01 4.226315789473684137e-01 2.678947368421052411e-01 7.159161667950507253e+05
4.226315789473684137e-01 4.226315789473684137e-01 2.936842105263157698e-01 6.280789109333943343e+05
4.226315789473684137e-01 4.226315789473684137e-01 3.194736842105262986e-01 5.657530371106584789e+05
4.226315789473684137e-01 4.226315789473684137e-01 3.452631578947368274e-01 5.175894324127194704e+05
4.226315789473684137e-01 4.226315789473684137e-01 3.710526315789473562e-01 4.813656558271787944e+05
4.226315789473684137e-01 4.226315789473684137e-01 3.968421052631578849e-01 4.550224483031942509e+05
4.226315789473684137e-01 4.226315789473684137e-01 4.226315789473684137e-01 4.363064353364318958e+05
4.484210526315789425e-01 2.421052631578947401e-01 2.163157894736842113e-01 5.712045674437269568e+06
4.484210526315789425e-01 2.421052631578947401e-01 2.421052631578947401e-01 3.825576295826525427e+06
4.484210526315789425e-01 2.678947368421052411e-01 1.905263157894736825e-01 6.095419522356720641e+06
4.484210526315789425e-01 2.678947368421052411e-01 2.163157894736842113e-01 3.957614156767982990e+06
4.484210526315789425e-01 2.678947368421052411e-01 2.421052631578947401e-01 2.735261895710232668e+06
4.484210526315789425e-01 2.678947368421052411e-01 2.678947368421052411e-01 2.018447835765721044e+06
4.484210526315789425e-01 2.936842105263157698e-01 1.647368421052631537e-01 6.344787733068021014e+06
4.484210526315789425e-01 2.936842105263157698e-01 1.905263157894736825e-01 4.156881158362878021e+06
4.484210526315789425e-01 2.936842105263157698e-01 2.163157894736842113e-01 2.796237702433001250e+06
4.484210526315789425e-01 2.936842105263157698e-01 2.421052631578947401e-01 2.001117618465528125e+06
4.484210526315789425e-01 2.936842105263157698e-01 2.678947368421052411e-01 1.526908613079014933e+06
4.484210526315789425e-01 2.936842105263157698e-01 2.936842105263157698e-01 1.194458114602133399e+06
4.484210526315789425e-01 3.194736842105262986e-01 1.389473684210526250e-01 7.692977220650449395e+06
4.484210526315789425e-01 3.194736842105262986e-01 1.647368421052631537e-01 4.354462808686228469e+06
4.484210526315789425e-01 3.194736842105262986e-01 1.905263157894736825e-01 2.970224597688490525e+06
4.484210526315789425e-01 3.194736842105262986e-01 2.163157894736842113e-01 2.076694943499162095e+06
4.484210526315789425e-01 3.194736842105262986e-01 2.421052631578947401e-01 1.540877673825410660e+06
4.484210526315789425e-01 3.194736842105262986e-01 2.678947368421052411e-01 1.214958280577195110e+06
4.484210526315789425e-01 3.194736842105262986e-01 2.936842105263157698e-01 9.803809603979326785e+05
4.484210526315789425e-01 3.194736842105262986e-01 3.194736842105262986e-01 8.267685922054646071e+05
4.484210526315789425e-01 3.452631578947368274e-01 1.131578947368420962e-01 8.612288556832585484e+06
4.484210526315789425e-01 3.452631578947368274e-01 1.389473684210526250e-01 5.133846198706961237e+06
4.484210526315789425e-01 3.452631578947368274e-01 1.647368421052631537e-01 3.071118168465382420e+06
4.484210526315789425e-01 3.452631578947368274e-01 1.905263157894736825e-01 2.194346115658494644e+06
4.484210526315789425e-01 3.452631578947368274e-01 2.163157894736842113e-01 1.600110058820278151e+06
4.484210526315789425e-01 3.452631578947368274e-01 2.421052631578947401e-01 1.232002764853303088e+06
4.484210526315789425e-01 3.452631578947368274e-01 2.678947368421052411e-01 1.002630999654844170e+06
4.484210526315789425e-01 3.452631578947368274e-01 2.936842105263157698e-01 8.321510065417238511e+05
4.484210526315789425e-01 3.452631578947368274e-01 3.194736842105262986e-01 7.182655773619005922e+05
4.484210526315789425e-01 3.452631578947368274e-01 3.452631578947368274e-01 6.359081749975977000e+05
4.484210526315789425e-01 3.710526315789473562e-01 8.736842105263156744e-02 1.132398048884007148e+07
4.484210526315789425e-01 3.710526315789473562e-01 1.131578947368420962e-01 5.491984959505246952e+06
4.484210526315789425e-01 3.710526315789473562e-01 1.389473684210526250e-01 3.535287713293175679e+06
4.484210526315789425e-01 3.710526315789473562e-01 1.647368421052631537e-01 2.256239301048086490e+06
4.484210526315789425e-01 3.710526315789473562e-01 1.905263157894736825e-01 1.695297221559238387e+06
4.484210526315789425e-01 3.710526315789473562e-01 2.163157894736842113e-01 1.289791452471375931e+06
4.484210526315789425e-01 3.710526315789473562e-01 2.421052631578947401e-01 1.028319043057619827e+06
4.484210526315789425e-01 3.710526315789473562e-01 2.678947368421052411e-01 8.606860487889500801e+05
4.484210526315789425e-01 3.710526315789473562e-01 2.936842105263157698e-01 7.313762917122511426e+05
4.484210526315789425e-01 3.710526315789473562e-01 3.194736842105262986e-01 6.430499873741638148e+05
4.484210526315789425e-01 3.710526315789473562e-01 3.452631578947368274e-01 5.774955160209911410e+05
4.484210526315789425e-01 3.710526315789473562e-01 3.710526315789473562e-01 5.298182737271019723e+05
4.484210526315789425e-01 3.968421052631578849e-01 6.157894736842105254e-02 1.465696093747153878e+07
4.484210526315789425e-01 3.968421052631578849e-01 8.736842105263156744e-02 6.650251570925796404e+06
4.484210526315789425e-01 3.968421052631578849e-01 1.131578947368420962e-01 3.664389922967819497e+06
4.484210526315789425e-01 3.968421052631578849e-01 1.389473684210526250e-01 2.579289329310680274e+06
4.484210526315789425e-01 3.968421052631578849e-01 1.647368421052631537e-01 1.761104762700767256e+06
4.484210526315789425e-01 3.968421052631578849e-01 1.905263157894736825e-01 1.388103385169618530e+06
4.484210526315789425e-01 3.968421052631578849e-01 2.163157894736842113e-01 1.096286828456515446e+06
4.484210526315789425e-01 3.968421052631578849e-01 2.421052631578947401e-01 8.995480133290332742e+05
4.484210526315789425e-01 3.968421052631578849e-01 2.678947368421052411e-01 7.695895159630180569e+05
4.484210526315789425e-01 3.968421052631578849e-01 2.936842105263157698e-01 6.654772185198103543e+05
4.484210526315789425e-01 3.968421052631578849e-01 3.194736842105262986e-01 5.927853328060456552e+05
4.484210526315789425e-01 3.968421052631578849e-01 3.452631578947368274e-01 5.374487827464039437e+05
4.484210526315789425e-01 3.968421052631578849e-01 3.710526315789473562e-01 4.962005185804898501e+05
4.484210526315789425e-01 3.968421052631578849e-01 3.968421052631578849e-01 4.662962032719000126e+05
4.484210526315789425e-01 4.226315789473684137e-01 3.578947368421052377e-02 1.823325563856851682e+07
4.484210526315789425e-01 4.226315789473684137e-01 6.157894736842105254e-02 7.386988347712010145e+06
4.484210526315789425e-01 4.226315789473684137e-01 8.736842105263156744e-02 4.270788231243452057e+06
4.484210526315789425e-01 4.226315789473684137e-01 1.131578947368420962e-01 2.703470556408173870e+06
4.484210526315789425e-01 4.226315789473684137e-01 1.389473684210526250e-01 2.065101706384157529e+06
4.484210526315789425e-01 4.226315789473684137e-01 1.647368421052631537e-01 1.489372565459067002e+06
4.484210526315789425e-01 4.226315789473684137e-01 1.905263157894736825e-01 1.216452975780256325e+06
4.484210526315789425e-01 4.226315789473684137e-01 2.163157894736842113e-01 9.860626600760425208e+05
4.484210526315789425e-01 4.226315789473684137e-01 2.421052631578947401e-01 8.246333600655095652e+05
4.484210526315789425e-01 4.226315789473684137e-01 2.678947368421052411e-01 7.153550970737368334e+05
4.484210526315789425e-01 4.226315789473684137e-01 2.936842105263157698e-01 6.250963917267373763e+05
4.484210526315789425e-01 4.226315789473684137e-01 3.194736842105262986e-01 5.609583562663501361e+05
4.484210526315789425e-01 4.226315789473684137e-01 3.452631578947368274e-01 5.111139426629933878e+05
4.484210526315789425e-01 4.226315789473684137e-01 3.710526315789473562e-01 4.731783582377954153e+05
4.484210526315789425e-01 4.226315789473684137e-01 3.968421052631578849e-01 4.449950857651094557e+05
4.484210526315789425e-01 4.226315789473684137e-01 4.226315789473684137e-01 4.242136307717884192e+05
4.484210526315789425e-01 4.484210526315789425e-01 1.000000000000000021e-02 1.073392268551038764e+07
4.484210526315789425e-01 4.484210526315789425e-01 3.578947368421052377e-02 8.240247059099342674e+06
4.484210526315789425e-01 4.484210526315789425e-01 6.157894736842105254e-02 5.228860177172188647e+06
4.484210526315789425e-01 4.484210526315789425e-01 8.736842105263156744e-02 3.516174001745145768e+06
4.484210526315789425e-01 4.484210526315789425e-01 1.131578947368420962e-01 2.381205372554514091e+06
4.484210526315789425e-01 4.484210526315789425e-01 1.389473684210526250e-01 1.883544081925624749e+06
4.484210526315789425e-01 4.484210526315789425e-01 1.647368421052631537e-01 1.388186606703295140e+06
4.484210526315789425e-01 4.484210526315789425e-01 1.905263157894736825e-01 1.149330492625872139e+06
4.484210526315789425e-01 4.484210526315789425e-01 2.163157894736842113e-01 9.406585904945718357e+05
4.484210526315789425e-01 4.484210526315789425e-01 2.421052631578947401e-01 7.920367767314296216e+05
4.484210526315789425e-01 4.484210526315789425e-01 2.678947368421052411e-01 6.903854668024106650e+05
4.484210526315789425e-01 4.484210526315789425e-01 2.936842105263157698e-01 6.052264901276263408e+05
4.484210526315789425e-01 4.484210526315789425e-01 3.194736842105262986e-01 5.441588419822016731e+05
4.484210526315789425e-01 4.484210526315789425e-01 3.452631578947368274e-01 4.961286559296299238e+05
4.484210526315789425e-01 4.484210526315789425e-01 3.710526315789473562e-01 4.590636054608671693e+05
4.484210526315789425e-01 4.484210526315789425e-01 3.968421052631578849e-01 4.310221294205669546e+05
4.484210526315789425e-01 4.484210526315789425e-01 4.226315789473684137e-01 4.097860770277022966e+05
4.484210526315789425e-01 4.484210526315789425e-01 4.484210526315789425e-01 3.943906771388776833e+05
4.742105263157894712e-01 2.421052631578947401e-01 2.421052631578947401e-01 4.735725290878854692e+06
4.742105263157894712e-01 2.678947368421052411e-01 2.163157894736842113e-01 4.918462472843237221e+06
4.742105263157894712e-01 2.678947368421052411e-01 2.421052631578947401e-01 3.338156655043504201e+06
4.742105263157894712e-01 2.678947368421052411e-01 2.678947368421052411e-01 2.420485144727620296e+06
4.742105263157894712e-01 2.936842105263157698e-01 1.905263157894736825e-01 5.225388413397177123e+06
4.742105263157894712e-01 2.936842105263157698e-01 2.163157894736842113e-01 3.433157949784636963e+06
4.742105263157894712e-01 2.936842105263157698e-01 2.421052631578947401e-01 2.403414133785037789e+06
4.742105263157894712e-01 2.936842105263157698e-01 2.678947368421052411e-01 1.796367095477474155e+06
4.742105263157894712e-01 2.936842105263157698e-01 2.936842105263157698e-01 1.375422627924310742e+06
4.742105263157894712e-01 3.194736842105262986e-01 1.647368421052631537e-01 5.587345332823464647e+06
4.742105263157894712e-01 3.194736842105262986e-01 1.905263157894736825e-01 3.695279124917781912e+06
4.742105263157894712e-01 3.194736842105262986e-01 2.163157894736842113e-01 2.512010475433579646e+06
4.742105263157894712e-01 3.194736842105262986e-01 2.421052631578947401e-01 1.817051907556530321e+06
4.742105263157894712e-01 3.194736842105262986e-01 2.678947368421052411e-01 1.400362362630130490e+06
4.742105263157894712e-01 3.194736842105262986e-01 2.936842105263157698e-01 1.104854789358302252e+06
4.742105263157894712e-01 3.194736842105262986e-01 3.194736842105262986e-01 9.121266309100091457e+05
4.742105263157894712e-01 3.452631578947368274e-01 1.389473684210526250e-01 6.823777981925461441e+06
4.742105263157894712e-01 3.452631578947368274e-01 1.647368421052631537e-01 3.899712296823641751e+06
4.742105263157894712e-01 3.452631578947368274e-01 1.905263157894736825e-01 2.685657370105429552e+06
4.742105263157894712e-01 3.452631578947368274e-01 2.163157894736842113e-01 1.896391748747423524e+06
4.742105263157894712e-01 3.452631578947368274e-01 2.421052631578947401e-01 1.420275497227674117e+06
4.742105263157894712e-01 3.452631578947368274e-01 2.678947368421052411e-01 1.128947102753835730e+06
4.742105263157894712e-01 3.452631578947368274e-01 2.936842105263157698e-01 9.166259517421922646e+05
4.742105263157894712e-01 3.452631578947368274e-01 3.194736842105262986e-01 7.757527879232257837e+05
4.742105263157894712e-01 3.452631578947368274e-01 3.452631578947368274e-01 6.740517371916176053e+05
4.742105263157894712e-01 3.710526315789473562e-01 1.131578947368420962e-01 7.709215146264970303e+06
4.742105263157894712e-01 3.710526315789473562e-01 1.389473684210526250e-01 4.639042725296676159e+06
4.742105263157894712e-01 3.710526315789473562e-01 1.647368421052631537e-01 2.802493382405671757e+06
4.742105263157894712e-01 3.710526315789473562e-01 1.905263157894736825e-01 2.020615949077503057e+06
4.742105263157894712e-01 3.710526315789473562e-01 2.163157894736842113e-01 1.486082885619120440e+06
4.742105263157894712e-01 3.710526315789473562e-01 2.421052631578947401e-01 1.152747833302931394e+06
4.742105263157894712e-01 3.710526315789473562e-01 2.678947368421052411e-01 9.437409928163714940e+05
4.742105263157894712e-01 3.710526315789473562e-01 2.936842105263157698e-01 7.863637505457637599e+05
4.742105263157894712e-01 3.710526315789473562e-01 3.194736842105262986e-01 6.798586837654261617e+05
4.742105263157894712e-01 3.710526315789473562e-01 3.452631578947368274e-01 6.011889727686012629e+05
4.742105263157894712e-01 3.710526315789473562e-01 3.710526315789473562e-01 5.436276246855292702e+05
4.742105263157894712e-01 3.968421052631578849e-01 8.736842105263156744e-02 1.024273503495933302e+07
4.742105263157894712e-01 3.968421052631578849e-01 1.131578947368420962e-01 5.020135274113560095e+06
4.742105263157894712e-01 3.968421052631578849e-01 1.389473684210526250e-01 3.261898863320164382e+06
4.742105263157894712e-01 3.968421052631578849e-01 1.647368421052631537e-01 2.099828596879036631e+06
4.742105263157894712e-01 3.968421052631578849e-01 1.905263157894736825e-01 1.589458464376502205e+06
4.742105263157894712e-01 3.968421052631578849e-01 2.163157894736842113e-01 1.217032934047890827e+06
4.742105263157894712e-01 3.968421052631578849e-01 2.421052631578947401e-01 9.753088153113250155e+05
4.742105263157894712e-01 3.968421052631578849e-01 2.678947368421052411e-01 8.194263941522088135e+05
4.742105263157894712e-01 3.968421052631578849e-01 2.936842105263157698e-01 6.976750564181244699e+05
4.742105263157894712e-01 3.968421052631578849e-01 3.194736842105262986e-01 6.135078751504932297e+05
4.742105263157894712e-01 3.968421052631578849e-01 3.452631578947368274e-01 5.498136276795433369e+05
4.742105263157894712e-01 3.968421052631578849e-01 3.710526315789473562e-01 5.021741850881759310e+05
4.742105263157894712e-01 3.968421052631578849e-01 3.968421052631578849e-01 4.671035804723502370e+05
4.742105263157894712e-01 4.226315789473684137e-01 6.157894736842105254e-02 1.333329000398935564e+07
4.742105263157894712e-01 4.226315789473684137e-01 8.736842105263156744e-02 6.131041134150619619e+06
4.742105263157894712e-01 4.226315789473684137e-01 1.131578947368420962e-01 3.413265471002281643e+06
4.742105263157894712e-01 4.226315789473684137e-01 1.389473684210526250e-01 2.421406407383944839e+06
4.742105263157894712e-01 4.226315789473684137e-01 1.647368421052631537e-01 1.663957282277365914e+06
4.742105263157894712e-01 4.226315789473684137e-01 1.905263157894736825e-01 1.318405112565252697e+06
4.742105263157894712e-01 4.226315789473684137e-01 2.163157894736842113e-01 1.045632310032614856e+06
4.742105263157894712e-01 4.226315789473684137e-01 2.421052631578947401e-01 8.606846597057161853e+05
4.742105263157894712e-01 4.226315789473684137e-01 2.678947368421052411e-01 7.379175546010986436e+05
4.742105263157894712e-01 4.226315789473684137e-01 2.936842105263157698e-01 6.384687940337779000e+05
4.742105263157894712e-01 4.226315789473684137e-01 3.194736842105262986e-01 5.683042286364657339e+05
4.742105263157894712e-01 4.226315789473684137e-01 3.452631578947368274e-01 5.139758436569212354e+05
4.742105263157894712e-01 4.226315789473684137e-01 3.710526315789473562e-01 4.724911744904574007e+05
4.742105263157894712e-01 4.226315789473684137e-01 3.968421052631578849e-01 4.413063186771537876e+05
4.742105263157894712e-01 4.226315789473684137e-01 4.226315789473684137e-01 4.177737904200100456e+05
4.742105263157894712e-01 4.484210526315789425e-01 3.578947368421052377e-02 1.676092891220580786e+07
4.742105263157894712e-01 4.484210526315789425e-01 6.157894736842105254e-02 6.912487406540103257e+06
4.742105263157894712e-01 4.484210526315789425e-01 8.736842105263156744e-02 4.032240302530450746e+06
4.742105263157894712e-01 4.484210526315789425e-01 1.131578947368420962e-01 2.566431724688254297e+06
4.742105263157894712e-01 4.484210526315789425e-01 1.389473684210526250e-01 1.968347217120201560e+06
4.742105263157894712e-01 4.484210526315789425e-01 1.647368421052631537e-01 1.424215327190362616e+06
4.742105263157894712e-01 4.484210526315789425e-01 1.905263157894736825e-01 1.166591768319665221e+06
4.742105263157894712e-01 4.484210526315789425e-01 2.163157894736842113e-01 9.477666882209813921e+05
4.742105263157894712e-01 4.484210526315789425e-01 2.421052631578947401e-01 7.938639211855737958e+05
4.742105263157894712e-01 4.484210526315789425e-01 2.678947368421052411e-01 6.893372180972744245e+05
4.742105263157894712e-01 4.484210526315789425e-01 2.936842105263157698e-01 6.022246101092199096e+05
4.742105263157894712e-01 4.484210526315789425e-01 3.194736842105262986e-01 5.398008780896741664e+05
4.742105263157894712e-01 4.484210526315789425e-01 3.452631578947368274e-01 4.906043516801951919e+05
4.742105263157894712e-01 4.484210526315789425e-01 3.710526315789473562e-01 4.524164513169771526e+05
4.742105263157894712e-01 4.484210526315789425e-01 3.968421052631578849e-01 4.232102431467835559e+05
4.742105263157894712e-01 4.484210526315789425e-01 4.226315789473684137e-01 4.006910053862896166e+05
4.742105263157894712e-01 4.484210526315789425e-01 4.484210526315789425e-01 3.838606919165843283e+05
4.742105263157894712e-01 4.742105263157894712e-01 1.000000000000000021e-02 1.024168822849760763e+07
4.742105263157894712e-01 4.742105263157894712e-01 3.578947368421052377e-02 7.865580162499425933e+06
4.742105263157894712e-01 4.742105263157894712e-01 6.157894736842105254e-02 4.995286162760514766e+06
4.742105263157894712e-01 4.742105263157894712e-01 8.736842105263156744e-02 3.363160907463861164e+06
4.742105263157894712e-01 4.742105263157894712e-01 1.131578947368420962e-01 2.280907309515649453e+06
4.742105263157894712e-01 4.742105263157894712e-01 1.389473684210526250e-01 1.807357972297113156e+06
4.742105263157894712e-01 4.742105263157894712e-01 1.647368421052631537e-01 1.334191152462822618e+06
4.742105263157894712e-01 4.742105263157894712e-01 1.905263157894736825e-01 1.106575065047965851e+06
4.742105263157894712e-01 4.742105263157894712e-01 2.163157894736842113e-01 9.069045545306133572e+05
4.742105263157894712e-01 4.742105263157894712e-01 2.421052631578947401e-01 7.643393912175842561e+05
4.742105263157894712e-01 4.742105263157894712e-01 2.678947368421052411e-01 6.666157278643674217e+05
4.742105263157894712e-01 4.742105263157894712e-01 2.936842105263157698e-01 5.841467409253367223e+05
4.742105263157894712e-01 4.742105263157894712e-01 3.194736842105262986e-01 5.246169953522473807e+05
4.742105263157894712e-01 4.742105263157894712e-01 3.452631578947368274e-01 4.772630371944301878e+05
4.742105263157894712e-01 4.742105263157894712e-01 3.710526315789473562e-01 4.401406741391797550e+05
4.742105263157894712e-01 4.742105263157894712e-01 3.968421052631578849e-01 4.114130022443592316e+05
4.742105263157894712e-01 4.742105263157894712e-01 4.226315789473684137e-01 3.889094873322138446e+05
4.742105263157894712e-01 4.742105263157894712e-01 4.484210526315789425e-01 3.717090197966718115e+05
4.742105263157894712e-01 4.742105263157894712e-01 4.742105263157894712e-01 3.588494048794948612e+05
5.000000000000000000e-01 2.678947368421052411e-01 2.421052631578947401e-01 4.071180419124656357e+06
5.000000000000000000e-01 2.678947368421052411e-01 2.678947368421052411e-01 2.907713840424929745e+06
5.000000000000000000e-01 2.936842105263157698e-01 2.163157894736842113e-01 4.212551567834029905e+06
5.000000000000000000e-01 2.936842105263157698e-01 2.421052631578947401e-01 2.892966252290116157e+06
5.000000000000000000e-01 2.936842105263157698e-01 2.678947368421052411e-01 2.123643671509435400e+06
5.000000000000000000e-01 2.936842105263157698e-01 2.936842105263157698e-01 1.596049844145959942e+06
5.000000000000000000e-01 3.194736842105262986e-01 1.905263157894736825e-01 4.594927460770634934e+06
5.000000000000000000e-01 3.194736842105262986e-01 2.163157894736842113e-01 3.048092841880351771e+06
5.000000000000000000e-01 3.194736842105262986e-01 2.421052631578947401e-01 2.155806283737214748e+06
5.000000000000000000e-01 3.194736842105262986e-01 2.678947368421052411e-01 1.627709297754435567e+06
5.000000000000000000e-01 3.194736842105262986e-01 2.936842105263157698e-01 1.258368078855878906e+06
5.000000000000000000e-01 3.194736842105262986e-01 3.194736842105262986e-01 1.018895779520212556e+06
5.000000000000000000e-01 3.452631578947368274e-01 1.647368421052631537e-01 4.954099341023871675e+06
5.000000000000000000e-01 3.452631578947368274e-01 1.905263157894736825e-01 3.305036404593832791e+06
5.000000000000000000e-01 3.452631578947368274e-01 2.163157894736842113e-01 2.267915843489650637e+06
5.000000000000000000e-01 3.452631578947368274e-01 2.421052631578947401e-01 1.655937900724877371e+06
5.000000000000000000e-01 3.452631578947368274e-01 2.678947368421052411e-01 1.287369587262328016e+06
5.000000000000000000e-01 3.452631578947368274e-01 2.936842105263157698e-01 1.023505065027648001e+06
5.000000000000000000e-01 3.452631578947368274e-01 3.194736842105262986e-01 8.498389002768009668e+05
5.000000000000000000e-01 3.452631578947368274e-01 3.452631578947368274e-01 7.250866125011252007e+05
5.000000000000000000e-01 3.710526315789473562e-01 1.389473684210526250e-01 6.106166321968009695e+06
5.000000000000000000e-01 3.710526315789473562e-01 1.647368421052631537e-01 3.520908232094395440e+06
5.000000000000000000e-01 3.710526315789473562e-01 1.905263157894736825e-01 2.445920358863593079e+06
5.000000000000000000e-01 3.710526315789473562e-01 2.163157894736842113e-01 1.742183037585034268e+06
5.000000000000000000e-01 3.710526315789473562e-01 2.421052631578947401e-01 1.315359201399119338e+06
5.000000000000000000e-01 3.710526315789473562e-01 2.678947368421052411e-01 1.052918635628963355e+06
5.000000000000000000e-01 3.710526315789473562e-01 2.936842105263157698e-01 8.596937006643498316e+05
5.000000000000000000e-01 3.710526315789473562e-01 3.194736842105262986e-01 7.302924387939162552e+05
5.000000000000000000e-01 3.710526315789473562e-01 3.452631578947368274e-01 6.354511565901224967e+05
5.000000000000000000e-01 3.710526315789473562e-01 3.710526315789473562e-01 5.660577955403970554e+05
5.000000000000000000e-01 3.968421052631578849e-01 1.131578947368420962e-01 6.972810723498131149e+06
5.000000000000000000e-01 3.968421052631578849e-01 1.389473684210526250e-01 4.232823670751436614e+06
5.000000000000000000e-01 3.968421052631578849e-01 1.647368421052631537e-01 2.579563179774181917e+06
5.000000000000000000e-01 3.968421052631578849e-01 1.905263157894736825e-01 1.874586724492186913e+06
5.000000000000000000e-01 3.968421052631578849e-01 2.163157894736842113e-01 1.388723613531796960e+06
5.000000000000000000e-01 3.968421052631578849e-01 2.421052631578947401e-01 1.083982467376772547e+06
5.000000000000000000e-01 3.968421052631578849e-01 2.678947368421052411e-01 8.919630805097399279e+05
5.000000000000000000e-01 3.968421052631578849e-01 2.936842105263157698e-01 7.458806105235097930e+05
5.000000000000000000e-01 3.968421052631578849e-01 3.194736842105262986e-01 6.461262014356442960e+05
5.000000000000000000e-01 3.968421052631578849e-01 3.452631578947368274e-01 5.713698592202048749e+05
5.000000000000000000e-01 3.968421052631578849e-01 3.710526315789473562e-01 5.155823525056699873e+05
5.000000000000000000e-01 3.968421052631578849e-01 3.968421052631578849e-01 4.742426709363156697e+05
5.000000000000000000e-01 4.226315789473684137e-01 8.736842105263156744e-02 9.318014458009870723e+06
5.000000000000000000e-01 4.226315789473684137e-01 1.131578947368420962e-01 4.615040832924348302e+06
5.000000000000000000e-01 4.226315789473684137e-01 1.389473684210526250e-01 3.025660975616332144e+06
5.000000000000000000e-01 4.226315789473684137e-01 1.647368421052631537e-01 1.963185631623429945e+06
5.000000000000000000e-01 4.226315789473684137e-01 1.905263157894736825e-01 1.495805907640974270e+06
5.000000000000000000e-01 4.226315789473684137e-01 2.163157894736842113e-01 1.151690334763162769e+06
5.000000000000000000e-01 4.226315789473684137e-01 2.421052631578947401e-01 9.270441138599226251e+05
5.000000000000000000e-01 4.226315789473684137e-01 2.678947368421052411e-01 7.815039933504357468e+05
5.000000000000000000e-01 4.226315789473684137e-01 2.936842105263157698e-01 6.667007398793201428e+05
5.000000000000000000e-01 4.226315789473684137e-01 3.194736842105262986e-01 5.866769355972752674e+05
5.000000000000000000e-01 4.226315789473684137e-01 3.452631578947368274e-01 5.253080994930354645e+05
5.000000000000000000e-01 4.226315789473684137e-01 3.710526315789473562e-01 4.785821286838812521e+05
5.000000000000000000e-01 4.226315789473684137e-01 3.968421052631578849e-01 4.433013927353730542e+05
5.000000000000000000e-01 4.226315789473684137e-01 4.226315789473684137e-01 4.163379267024252913e+05
5.000000000000000000e-01 4.484210526315789425e-01 6.157894736842105254e-02 1.222449695320226625e+07
5.000000000000000000e-01 4.484210526315789425e-01 8.736842105263156744e-02 5.693791270119799301e+06
5.000000000000000000e-01 4.484210526315789425e-01 1.131578947368420962e-01 3.199937721276798286e+06
5.000000000000000000e-01 4.484210526315789425e-01 1.389473684210526250e-01 2.285857936433421914e+06
5.000000000000000000e-01 4.484210526315789425e-01 1.647368421052631537e-01 1.579358217385317897e+06
5.000000000000000000e-01 4.484210526315789425e-01 1.905263157894736825e-01 1.256820603234346025e+06
5.000000000000000000e-01 4.484210526315789425e-01 2.163157894736842113e-01 1.000201384178432869e+06
5.000000000000000000e-01 4.484210526315789425e-01 2.421052631578947401e-01 8.254011531943525188e+05
5.000000000000000000e-01 4.484210526315789425e-01 2.678947368421052411e-01 7.089605817580550211e+05
5.000000000000000000e-01 4.484210526315789425e-01 2.936842105263157698e-01 6.138371492315995274e+05
5.000000000000000000e-01 4.484210526315789425e-01 3.194736842105262986e-01 5.462574903517126804e+05
5.000000000000000000e-01 4.484210526315789425e-01 3.452631578947368274e-01 4.933308110030299868e+05
5.000000000000000000e-01 4.484210526315789425e-01 3.710526315789473562e-01 4.522953978845876991e+05
5.000000000000000000e-01 4.484210526315789425e-01 3.968421052631578849e-01 4.207800351488512824e+05
5.000000000000000000e-01 4.484210526315789425e-01 4.226315789473684137e-01 3.962330162309808657e+05
5.000000000000000000e-01 4.484210526315789425e-01 4.484210526315789425e-01 3.775227220180473523e+05
5.000000000000000000e-01 4.742105263157894712e-01 3.578947368421052377e-02 1.551194709645896591e+07
5.000000000000000000e-01 4.742105263157894712e-01 6.157894736842105254e-02 6.508136951260302216e+06
5.000000000000000000e-01 4.742105263157894712e-01 8.736842105263156744e-02 3.827486155553136487e+06
5.000000000000000000e-01 4.742105263157894712e-01 1.131578947368420962e-01 2.447609738365584053e+06
5.000000000000000000e-01 4.742105263157894712e-01 1.389473684210526250e-01 1.883524930414806353e+06
5.000000000000000000e-01 4.742105263157894712e-01 1.647368421052631537e-01 1.366300970978836529e+06
5.000000000000000000e-01 4.742105263157894712e-01 1.905263157894736825e-01 1.121679445771156810e+06
5.000000000000000000e-01 4.742105263157894712e-01 2.163157894736842113e-01 9.128318100525658811e+05
5.000000000000000000e-01 4.742105263157894712e-01 2.421052631578947401e-01 7.655310249378790613e+05
5.000000000000000000e-01 4.742105263157894712e-01 2.678947368421052411e-01 6.652739444341878407e+05
5.000000000000000000e-01 4.742105263157894712e-01 2.936842105263157698e-01 5.811623679675746243e+05
5.000000000000000000e-01 4.742105263157894712e-01 3.194736842105262986e-01 5.205615050047891564e+05
5.000000000000000000e-01 4.742105263157894712e-01 3.452631578947368274e-01 4.723531606672083726e+05
5.000000000000000000e-01 4.742105263157894712e-01 3.710526315789473562e-01 4.344595865259661223e+05
5.000000000000000000e-01 4.742105263157894712e-01 3.968421052631578849e-01 4.049667792476145551e+05
5.000000000000000000e-01 4.742105263157894712e-01 4.226315789473684137e-01 3.816409199171828222e+05
5.000000000000000000e-01 4.742105263157894712e-01 4.484210526315789425e-01 3.635333762253384921e+05
5.000000000000000000e-01 4.742105263157894712e-01 4.742105263157894712e-01 3.496558699206512538e+05
5.000000000000000000e-01 5.000000000000000000e-01 1.000000000000000021e-02 9.820679407149637118e+06
5.000000000000000000e-01 5.000000000000000000e-01 3.578947368421052377e-02 7.544438611159313470e+06
5.000000000000000000e-01 5.000000000000000000e-01 6.157894736842105254e-02 4.794103429527640343e+06
5.000000000000000000e-01 5.000000000000000000e-01 8.736842105263156744e-02 3.230450081636389252e+06
5.000000000000000000e-01 5.000000000000000000e-01 1.131578947368420962e-01 2.193095026708039455e+06
5.000000000000000000e-01 5.000000000000000000e-01 1.389473684210526250e-01 1.739992886557799065e+06
5.000000000000000000e-01 5.000000000000000000e-01 1.647368421052631537e-01 1.285859467847597552e+06
5.000000000000000000e-01 5.000000000000000000e-01 1.905263157894736825e-01 1.067855813915084116e+06
5.000000000000000000e-01 5.000000000000000000e-01 2.163157894736842113e-01 8.760022538506814744e+05
5.000000000000000000e-01 5.000000000000000000e-01 2.421052631578947401e-01 7.387798706741795177e+05
5.000000000000000000e-01 5.000000000000000000e-01 2.678947368421052411e-01 6.445967158845074009e+05
5.000000000000000000e-01 5.000000000000000000e-01 2.936842105263157698e-01 5.646874896557666361e+05
5.000000000000000000e-01 5.000000000000000000e-01 3.194736842105262986e-01 5.067611002249416197e+05
5.000000000000000000e-01 5.000000000000000000e-01 3.452631578947368274e-01 4.603298943244635011e+05
5.000000000000000000e-01 5.000000000000000000e-01 3.710526315789473562e-01 4.235582254979066201e+05
5.000000000000000000e-01 5.000000000000000000e-01 3.968421052631578849e-01 3.947002483753761626e+05
5.000000000000000000e-01 5.000000000000000000e-01 4.226315789473684137e-01 3.716366036255242652e+05
5.000000000000000000e-01 5.000000000000000000e-01 4.484210526315789425e-01 3.534883111924277619e+05
5.000000000000000000e-01 5.000000000000000000e-01 4.742105263157894712e-01 3.393135757029002998e+05
5.000000000000000000e-01 5.000000000000000000e-01 5.000000000000000000e-01 3.284466194316003821e+05
