1.000000000000000021e-02 1.000000000000000021e-02 1.000000000000000021e-02 4.084909678889477253e+08
3.578947368421052377e-02 3.578947368421052377e-02 1.000000000000000021e-02 3.549632744287593365e+08
3.578947368421052377e-02 3.578947368421052377e-02 3.578947368421052377e-02 2.933159842053458691e+08
6.157894736842105254e-02 3.578947368421052377e-02 3.578947368421052377e-02 3.381035940422072411e+08
6.157894736842105254e-02 6.157894736842105254e-02 1.000000000000000021e-02 2.704805352896396518e+08
6.157894736842105254e-02 6.157894736842105254e-02 3.578947368421052377e-02 2.218543656452161670e+08
6.157894736842105254e-02 6.157894736842105254e-02 6.157894736842105254e-02 1.741730683788292408e+08
8.736842105263156744e-02 6.157894736842105254e-02 3.578947368421052377e-02 2.614797874553355277e+08
8.736842105263156744e-02 6.157894736842105254e-02 6.157894736842105254e-02 1.664385866985472739e+08
8.736842105263156744e-02 8.736842105263156744e-02 1.000000000000000021e-02 2.179972358619495928e+08
8.736842105263156744e-02 8.736842105263156744e-02 3.578947368421052377e-02 1.804636778569307625e+08
8.736842105263156744e-02 8.736842105263156744e-02 6.157894736842105254e-02 1.375879324378506243e+08
8.736842105263156744e-02 8.736842105263156744e-02 8.736842105263156744e-02 1.161342329680851549e+08
1.131578947368420962e-01 6.157894736842105254e-02 6.157894736842105254e-02 1.994017387973900139e+08
1.131578947368420962e-01 8.736842105263156744e-02 3.578947368421052377e-02 2.110225311934672892e+08
1.131578947368420962e-01 8.736842105263156744e-02 6.157894736842105254e-02 1.355171661552056670e+08
1.131578947368420962e-01 8.736842105263156744e-02 8.736842105263156744e-02 1.073279048548056036e+08
1.131578947368420962e-01 1.131578947368420962e-01 1.000000000000000021e-02 1.809586038013997674e+08
1.131578947368420962e-01 1.131578947368420962e-01 3.578947368421052377e-02 1.501341685952475965e+08
1.131578947368420962e-01 1.131578947368420962e-01 6.157894736842105254e-02 1.136165476763738692e+08
1.131578947368420962e-01 1.131578947368420962e-01 8.736842105263156744e-02 9.339523051993648708e+07
1.131578947368420962e-01 1.131578947368420962e-01 1.131578947368420962e-01 8.111656590455977619e+07
1.389473684210526250e-01 8.736842105263156744e-02 6.157894736842105254e-02 1.583797911750484407e+08
1.389473684210526250e-01 8.736842105263156744e-02 8.736842105263156744e-02 1.115186269135727882e+08
1.389473684210526250e-01 1.131578947368420962e-01 3.578947368421052377e-02 1.698178091418628395e+08
1.389473684210526250e-01 1.131578947368420962e-01 6.157894736842105254e-02 1.143153614487403482e+08
1.389473684210526250e-01 1.131578947368420962e-01 8.736842105263156744e-02 9.087470075768075883e+07
1.389473684210526250e-01 1.131578947368420962e-01 1.131578947368420962e-01 7.727520627275581658e+07
1.389473684210526250e-01 1.389473684210526250e-01 1.000000000000000021e-02 1.654178308589573503e+08
1.389473684210526250e-01 1.389473684210526250e-01 3.578947368421052377e-02 1.372990634339059889e+08
1.389473684210526250e-01 1.389473684210526250e-01 6.157894736842105254e-02 1.036425851320454627e+08
1.389473684210526250e-01 1.389473684210526250e-01 8.736842105263156744e-02 8.465560324828541279e+07
1.389473684210526250e-01 1.389473684210526250e-01 1.131578947368420962e-01 7.241674127161847055e+07
1.389473684210526250e-01 1.389473684210526250e-01 1.389473684210526250e-01 6.771327909534984827e+07
1.647368421052631537e-01 8.736842105263156744e-02 8.736842105263156744e-02 1.249218363204735965e+08
1.647368421052631537e-01 1.131578947368420962e-01 6.157894736842105254e-02 1.284759836792383641e+08
1.647368421052631537e-01 1.131578947368420962e-01 8.736842105263156744e-02 9.245966884931793809e+07
1.647368421052631537e-01 1.131578947368420962e-01 1.131578947368420962e-01 7.494878776659452915e+07
1.647368421052631537e-01 1.389473684210526250e-01 3.578947368421052377e-02 1.571486009152388275e+08
1.647368421052631537e-01 1.389473684210526250e-01 6.157894736842105254e-02 1.037340951333685815e+08
1.647368421052631537e-01 1.389473684210526250e-01 8.736842105263156744e-02 8.163540938155230880e+07
1.647368421052631537e-01 1.389473684210526250e-01 1.131578947368420962e-01 6.848809562534099817e+07
1.647368421052631537e-01 1.389473684210526250e-01 1.389473684210526250e-01 6.332609341460664570e+07
1.647368421052631537e-01 1.647368421052631537e-01 1.000000000000000021e-02 1.479808764070856571e+08
1.647368421052631537e-01 1.647368421052631537e-01 3.578947368421052377e-02 1.225512729756172448e+08
1.647368421052631537e-01 1.647368421052631537e-01 6.157894736842105254e-02 9.194731882354797423e+07
1.647368421052631537e-01 1.647368421052631537e-01 8.736842105263156744e-02 7.454786305631203949e+07
1.647368421052631537e-01 1.647368421052631537e-01 1.131578947368420962e-01 6.304274976155367494e+07
1.647368421052631537e-01 1.647368421052631537e-01 1.389473684210526250e-01 5.836384347114132345e+07
1.647368421052631537e-01 1.647368421052631537e-01 1.647368421052631537e-01 5.355018417487291992e+07
1.905263157894736825e-01 1.131578947368420962e-01 8.736842105263156744e-02 1.011747796883576810e+08
1.905263157894736825e-01 1.131578947368420962e-01 1.131578947368420962e-01 7.704067968241481483e+07
1.905263157894736825e-01 1.389473684210526250e-01 6.157894736842105254e-02 1.162465637872977555e+08
1.905263157894736825e-01 1.389473684210526250e-01 8.736842105263156744e-02 8.444464019015337527e+07
1.905263157894736825e-01 1.389473684210526250e-01 1.131578947368420962e-01 6.842338702963110805e+07
1.905263157894736825e-01 1.389473684210526250e-01 1.389473684210526250e-01 6.229973117783531547e+07
1.905263157894736825e-01 1.647368421052631537e-01 3.578947368421052377e-02 1.350855073212960064e+08
1.905263157894736825e-01 1.647368421052631537e-01 6.157894736842105254e-02 9.277788964647428691e+07
1.905263157894736825e-01 1.647368421052631537e-01 8.736842105263156744e-02 7.350706619335627556e+07
1.905263157894736825e-01 1.647368421052631537e-01 1.131578947368420962e-01 6.149763942586115003e+07
1.905263157894736825e-01 1.647368421052631537e-01 1.389473684210526250e-01 5.664588260303616524e+07
1.905263157894736825e-01 1.647368421052631537e-01 1.647368421052631537e-01 5.167140220250902325e+07
1.905263157894736825e-01 1.905263157894736825e-01 1.000000000000000021e-02 1.403454472727825940e+08
1.905263157894736825e-01 1.905263157894736825e-01 3.578947368421052377e-02 1.160776822871433049e+08
1.905263157894736825e-01 1.905263157894736825e-01 6.157894736842105254e-02 8.681248506042222679e+07
1.905263157894736825e-01 1.905263157894736825e-01 8.736842105263156744e-02 7.014380585262212157e+07
1.905263157894736825e-01 1.905263157894736825e-01 1.131578947368420962e-01 5.903421996241343021e+07
1.905263157894736825e-01 1.905263157894736825e-01 1.389473684210526250e-01 5.447364224535530806e+07
1.905263157894736825e-01 1.905263157894736825e-01 1.647368421052631537e-01 4.964211943508836627e+07
1.905263157894736825e-01 1.905263157894736825e-01 1.905263157894736825e-01 4.761966916567006707e+07
2.163157894736842113e-01 1.131578947368420962e-01 1.131578947368420962e-01 8.189795018586871028e+07
2.163157894736842113e-01 1.389473684210526250e-01 8.736842105263156744e-02 9.117150659747312963e+07
2.163157894736842113e-01 1.389473684210526250e-01 1.131578947368420962e-01 6.992780461153197289e+07
2.163157894736842113e-01 1.389473684210526250e-01 1.389473684210526250e-01 6.217830272194811702e+07
2.163157894736842113e-01 1.647368421052631537e-01 6.157894736842105254e-02 1.011933688043821901e+08
2.163157894736842113e-01 1.647368421052631537e-01 8.736842105263156744e-02 7.498196856536425650e+07
2.163157894736842113e-01 1.647368421052631537e-01 1.131578947368420962e-01 6.099353239249986410e+07
2.163157894736842113e-01 1.647368421052631537e-01 1.389473684210526250e-01 5.552132180901825428e+07
2.163157894736842113e-01 1.647368421052631537e-01 1.647368421052631537e-01 5.015858391167986393e+07
2.163157894736842113e-01 1.905263157894736825e-01 3.578947368421052377e-02 1.281422142332350314e+08
2.163157894736842113e-01 1.905263157894736825e-01 6.157894736842105254e-02 8.755569517347621918e+07
2.163157894736842113e-01 1.905263157894736825e-01 8.736842105263156744e-02 6.909111356559120119e+07
2.163157894736842113e-01 1.905263157894736825e-01 1.131578947368420962e-01 5.752855112028716505e+07
2.163157894736842113e-01 1.905263157894736825e-01 1.389473684210526250e-01 5.283460979005086422e+07
2.163157894736842113e-01 1.905263157894736825e-01 1.647368421052631537e-01 4.791765543646353483e+07
2.163157894736842113e-01 1.905263157894736825e-01 1.905263157894736825e-01 4.582790669401887059e+07
2.163157894736842113e-01 2.163157894736842113e-01 1.000000000000000021e-02 1.330082174702428728e+08
2.163157894736842113e-01 2.163157894736842113e-01 3.578947368421052377e-02 1.098035045756150931e+08
2.163157894736842113e-01 2.163157894736842113e-01 6.157894736842105254e-02 8.178599410327604413e+07
2.163157894736842113e-01 2.163157894736842113e-01 8.736842105263156744e-02 6.581493220296801627e+07
2.163157894736842113e-01 2.163157894736842113e-01 1.131578947368420962e-01 5.512383646406659484e+07
2.163157894736842113e-01 2.163157894736842113e-01 1.389473684210526250e-01 5.072296439449118078e+07
2.163157894736842113e-01 2.163157894736842113e-01 1.647368421052631537e-01 4.598376145339450240e+07
2.163157894736842113e-01 2.163157894736842113e-01 1.905263157894736825e-01 4.394777045337479562e+07
2.163157894736842113e-01 2.163157894736842113e-01 2.163157894736842113e-01 4.207609788783516735e+07
2.421052631578947401e-01 1.389473684210526250e-01 1.131578947368420962e-01 7.367453737874083221e+07
2.421052631578947401e-01 1.389473684210526250e-01 1.389473684210526250e-01 6.347574156413193047e+07
2.421052631578947401e-01 1.647368421052631537e-01 8.736842105263156744e-02 7.956604085561168194e+07
2.421052631578947401e-01 1.647368421052631537e-01 1.131578947368420962e-01 6.198887385877881944e+07
2.421052631578947401e-01 1.647368421052631537e-01 1.389473684210526250e-01 5.543002919877743721e+07
2.421052631578947401e-01 1.647368421052631537e-01 1.647368421052631537e-01 4.944074687138514221e+07
2.421052631578947401e-01 1.905263157894736825e-01 6.157894736842105254e-02 9.507815957333509624e+07
2.421052631578947401e-01 1.905263157894736825e-01 8.736842105263156744e-02 7.060839483102080226e+07
2.421052631578947401e-01 1.905263157894736825e-01 1.131578947368420962e-01 5.734654685537001491e+07
2.421052631578947401e-01 1.905263157894736825e-01 1.389473684210526250e-01 5.213445259073559940e+07
2.421052631578947401e-01 1.905263157894736825e-01 1.647368421052631537e-01 4.692017381460505724e+07
2.421052631578947401e-01 1.905263157894736825e-01 1.905263157894736825e-01 4.469361373019985855e+07
2.421052631578947401e-01 2.163157894736842113e-01 3.578947368421052377e-02 1.197066345875341147e+08
2.421052631578947401e-01 2.163157894736842113e-01 6.157894736842105254e-02 8.254485974850469828e+07
2.421052631578947401e-01 2.163157894736842113e-01 8.736842105263156744e-02 6.511204096040005982e+07
2.421052631578947401e-01 2.163157894736842113e-01 1.131578947368420962e-01 5.405467314837990701e+07
2.421052631578947401e-01 2.163157894736842113e-01 1.389473684210526250e-01 4.955297915926218033e+07
2.421052631578947401e-01 2.163157894736842113e-01 1.647368421052631537e-01 4.476462983025212586e+07
2.421052631578947401e-01 2.163157894736842113e-01 1.905263157894736825e-01 4.269956368980658054e+07
2.421052631578947401e-01 2.163157894736842113e-01 2.163157894736842113e-01 4.079446907015264034e+07
2.421052631578947401e-01 2.421052631578947401e-01 1.000000000000000021e-02 1.276899392823245376e+08
2.421052631578947401e-01 2.421052631578947401e-01 3.578947368421052377e-02 1.052388827293159217e+08
2.421052631578947401e-01 2.421052631578947401e-01 6.157894736842105254e-02 7.811311625115293264e+07
2.421052631578947401e-01 2.421052631578947401e-01 8.736842105263156744e-02 6.264626237330687046e+07
2.421052631578947401e-01 2.421052631578947401e-01 1.131578947368420962e-01 5.227009379130749404e+07
2.421052631578947401e-01 2.421052631578947401e-01 1.389473684210526250e-01 4.799921523401690274e+07
2.421052631578947401e-01 2.421052631578947401e-01 1.647368421052631537e-01 4.335901697996738553e+07
2.421052631578947401e-01 2.421052631578947401e-01 1.905263157894736825e-01 4.134881332609321922e+07
2.421052631578947401e-01 2.421052631578947401e-01 2.163157894736842113e-01 3.947119150691092759e+07
2.421052631578947401e-01 2.421052631578947401e-01 2.421052631578947401e-01 3.815003119470948726e+07
2.678947368421052411e-01 1.389473684210526250e-01 1.389473684210526250e-01 6.628401171817435324e+07
2.678947368421052411e-01 1.647368421052631537e-01 1.131578947368420962e-01 6.451256171460992098e+07
2.678947368421052411e-01 1.647368421052631537e-01 1.389473684210526250e-01 5.634020721453616023e+07
2.678947368421052411e-01 1.647368421052631537e-01 1.647368421052631537e-01 4.946370897936023772e+07
2.678947368421052411e-01 1.905263157894736825e-01 8.736842105263156744e-02 7.453874922685547173e+07
2.678947368421052411e-01 1.905263157894736825e-01 1.131578947368420962e-01 5.836615978799244761e+07
2.678947368421052411e-01 1.905263157894736825e-01 1.389473684210526250e-01 5.228205645708988607e+07
2.678947368421052411e-01 1.905263157894736825e-01 1.647368421052631537e-01 4.658093576291751862e+07
2.678947368421052411e-01 1.905263157894736825e-01 1.905263157894736825e-01 4.415328099172772467e+07
2.678947368421052411e-01 2.163157894736842113e-01 6.157894736842105254e-02 8.849558167544674873e+07
2.678947368421052411e-01 2.163157894736842113e-01 8.736842105263156744e-02 6.643747635526214540e+07
2.678947368421052411e-01 2.163157894736842113e-01 1.131578947368420962e-01 5.407336075578859448e+07
2.678947368421052411e-01 2.163157894736842113e-01 1.389473684210526250e-01 4.917768699880963564e+07
2.678947368421052411e-01 2.163157894736842113e-01 1.647368421052631537e-01 4.417191106297455728e+07
2.678947368421052411e-01 2.163157894736842113e-01 1.905263157894736825e-01 4.201607826690378040e+07
2.678947368421052411e-01 2.163157894736842113e-01 2.163157894736842113e-01 4.004443879489946365e+07
2.678947368421052411e-01 2.421052631578947401e-01 3.578947368421052377e-02 1.128830799786335081e+08
2.678947368421052411e-01 2.421052631578947401e-01 6.157894736842105254e-02 7.885645794582572579e+07
2.678947368421052411e-01 2.421052631578947401e-01 8.736842105263156744e-02 6.227200291471555829e+07
2.678947368421052411e-01 2.421052631578947401e-01 1.131578947368420962e-01 5.161051569252140820e+07
2.678947368421052411e-01 2.421052631578947401e-01 1.389473684210526250e-01 4.726182230987970531e+07
2.678947368421052411e-01 2.421052631578947401e-01 1.647368421052631537e-01 4.258732618287561834e+07
2.678947368421052411e-01 2.421052631578947401e-01 1.905263157894736825e-01 4.056170265471383929e+07
2.678947368421052411e-01 2.421052631578947401e-01 2.163157894736842113e-01 3.866983953994678706e+07
2.678947368421052411e-01 2.421052631578947401e-01 2.421052631578947401e-01 3.733250986143229157e+07
2.678947368421052411e-01 2.678947368421052411e-01 1.000000000000000021e-02 1.242595819412479550e+08
2.678947368421052411e-01 2.678947368421052411e-01 3.578947368421052377e-02 1.022891998837200254e+08
2.678947368421052411e-01 2.678947368421052411e-01 6.157894736842105254e-02 7.573440507212188840e+07
2.678947368421052411e-01 2.678947368421052411e-01 8.736842105263156744e-02 6.059219342856283486e+07
2.678947368421052411e-01 2.678947368421052411e-01 1.131578947368420962e-01 5.042258850413930416e+07
2.678947368421052411e-01 2.678947368421052411e-01 1.389473684210526250e-01 4.623989837912632525e+07
2.678947368421052411e-01 2.678947368421052411e-01 1.647368421052631537e-01 4.167309814513842762e+07
2.678947368421052411e-01 2.678947368421052411e-01 1.905263157894736825e-01 3.968998818993575871e+07
2.678947368421052411e-01 2.678947368421052411e-01 2.163157894736842113e-01 3.782350946660529077e+07
2.678947368421052411e-01 2.678947368421052411e-01 2.421052631578947401e-01 3.649582541100101173e+07
2.678947368421052411e-01 2.678947368421052411e-01 2.678947368421052411e-01 3.565801069540806115e+07
2.936842105263157698e-01 1.647368421052631537e-01 1.389473684210526250e-01 5.803340272103954852e+07
2.936842105263157698e-01 1.647368421052631537e-01 1.647368421052631537e-01 4.990105212607254088e+07
2.936842105263157698e-01 1.905263157894736825e-01 1.131578947368420962e-01 6.036860110610635579e+07
2.936842105263157698e-01 1.905263157894736825e-01 1.389473684210526250e-01 5.294688242463997006e+07
2.936842105263157698e-01 1.905263157894736825e-01 1.647368421052631537e-01 4.652492686419144273e+07
2.936842105263157698e-01 1.905263157894736825e-01 1.905263157894736825e-01 4.381063476484549046e+07
2.936842105263157698e-01 2.163157894736842113e-01 8.736842105263156744e-02 6.952197299377958477e+07
2.936842105263157698e-01 2.163157894736842113e-01 1.131578947368420962e-01 5.478366961807331443e+07
2.936842105263157698e-01 2.163157894736842113e-01 1.389473684210526250e-01 4.918149125359880924e+07
2.936842105263157698e-01 2.163157894736842113e-01 1.647368421052631537e-01 4.379224325159337372e+07
2.936842105263157698e-01 2.163157894736842113e-01 1.905263157894736825e-01 4.148301942797434330e+07
2.936842105263157698e-01 2.163157894736842113e-01 2.163157894736842113e-01 3.940886358323124796e+07
2.936842105263157698e-01 2.421052631578947401e-01 6.157894736842105254e-02 8.379446567208947241e+07
2.936842105263157698e-01 2.421052631578947401e-01 8.736842105263156744e-02 6.328324942352999747e+07
2.936842105263157698e-01 2.421052631578947401e-01 1.131578947368420962e-01 5.152337477060358971e+07
2.936842105263157698e-01 2.421052631578947401e-01 1.389473684210526250e-01 4.684671893696975708e+07
2.936842105263157698e-01 2.421052631578947401e-01 1.647368421052631537e-01 4.199901813189621270e+07
2.936842105263157698e-01 2.421052631578947401e-01 1.905263157894736825e-01 3.990419352855961025e+07
2.936842105263157698e-01 2.421052631578947401e-01 2.163157894736842113e-01 3.796603631486197561e+07
2.936842105263157698e-01 2.421052631578947401e-01 2.421052631578947401e-01 3.659645040261875838e+07
2.936842105263157698e-01 2.678947368421052411e-01 3.578947368421052377e-02 1.096600308335902691e+08
2.936842105263157698e-01 2.678947368421052411e-01 6.157894736842105254e-02 7.645132799008713663e+07
2.936842105263157698e-01 2.678947368421052411e-01 8.736842105263156744e-02 6.023117148472443223e+07
2.936842105263157698e-01 2.678947368421052411e-01 1.131578947368420962e-01 4.978855968067206442e+07
2.936842105263157698e-01 2.678947368421052411e-01 1.389473684210526250e-01 4.553201205324277282e+07
2.936842105263157698e-01 2.678947368421052411e-01 1.647368421052631537e-01 4.093700934171611071e+07
2.936842105263157698e-01 2.678947368421052411e-01 1.905263157894736825e-01 3.894306000273909420e+07
2.936842105263157698e-01 2.678947368421052411e-01 2.163157894736842113e-01 3.706934208221931756e+07
2.936842105263157698e-01 2.678947368421052411e-01 2.421052631578947401e-01 3.573410696599507332e+07
2.936842105263157698e-01 2.678947368421052411e-01 2.678947368421052411e-01 3.488716442769003659e+07
2.936842105263157698e-01 2.936842105263157698e-01 1.000000000000000021e-02 1.210015024577678740e+08
2.936842105263157698e-01 2.936842105263157698e-01 3.578947368421052377e-02 9.947922932996669412e+07
2.936842105263157698e-01 2.936842105263157698e-01 6.157894736842105254e-02 7.345944076466210186e+07
2.936842105263157698e-01 2.936842105263157698e-01 8.736842105263156744e-02 5.862219036258062720e+07
2.936842105263157698e-01 2.936842105263157698e-01 1.131578947368420962e-01 4.865018003989339620e+07
2.936842105263157698e-01 2.936842105263157698e-01 1.389473684210526250e-01 4.455207802658708394e+07
2.936842105263157698e-01 2.936842105263157698e-01 1.647368421052631537e-01 4.006233265685367584e+07
2.936842105263157698e-01 2.936842105263157698e-01 1.905263157894736825e-01 3.811121361056359112e+07
2.936842105263157698e-01 2.936842105263157698e-01 2.163157894736842113e-01 3.626594283397495002e+07
2.936842105263157698e-01 2.936842105263157698e-01 2.421052631578947401e-01 3.494541084081770480e+07
2.936842105263157698e-01 2.936842105263157698e-01 2.678947368421052411e-01 3.410386109733094275e+07
2.936842105263157698e-01 2.936842105263157698e-01 2.936842105263157698e-01 3.332050948395465314e+07
3.194736842105262986e-01 1.647368421052631537e-01 1.647368421052631537e-01 5.097544223116144538e+07
3.194736842105262986e-01 1.905263157894736825e-01 1.389473684210526250e-01 5.435354166334384680e+07
3.194736842105262986e-01 1.905263157894736825e-01 1.647368421052631537e-01 4.695401735702015460e+07
3.194736842105262986e-01 1.905263157894736825e-01 1.905263157894736825e-01 4.386262202200455964e+07
3.194736842105262986e-01 2.163157894736842113e-01 1.131578947368420962e-01 5.638688130551679432e+07
3.194736842105262986e-01 2.163157894736842113e-01 1.389473684210526250e-01 4.975628690895712376e+07
3.194736842105262986e-01 2.163157894736842113e-01 1.647368421052631537e-01 4.381868285423359275e+07
3.194736842105262986e-01 2.163157894736842113e-01 1.905263157894736825e-01 4.129581251089671254e+07
3.194736842105262986e-01 2.163157894736842113e-01 2.163157894736842113e-01 3.908489149163109064e+07
3.194736842105262986e-01 2.421052631578947401e-01 8.736842105263156744e-02 6.581350182551328838e+07
3.194736842105262986e-01 2.421052631578947401e-01 1.131578947368420962e-01 5.216897145556300879e+07
3.194736842105262986e-01 2.421052631578947401e-01 1.389473684210526250e-01 4.693278693374019861e+07
3.194736842105262986e-01 2.421052631578947401e-01 1.647368421052631537e-01 4.178433449788428843e+07
3.194736842105262986e-01 2.421052631578947401e-01 1.905263157894736825e-01 3.957184517773260176e+07
3.194736842105262986e-01 2.421052631578947401e-01 2.163157894736842113e-01 3.755825204662078619e+07
3.194736842105262986e-01 2.421052631578947401e-01 2.421052631578947401e-01 3.614197234926714748e+07
3.194736842105262986e-01 2.678947368421052411e-01 6.157894736842105254e-02 8.080102341090938449e+07
3.194736842105262986e-01 2.678947368421052411e-01 8.736842105263156744e-02 6.123376763513049483e+07
3.194736842105262986e-01 2.678947368421052411e-01 1.131578947368420962e-01 4.985048333288225532e+07
3.194736842105262986e-01 2.678947368421052411e-01 1.389473684210526250e-01 4.531248604373942316e+07
3.194736842105262986e-01 2.678947368421052411e-01 1.647368421052631537e-01 4.056911221653266251e+07
3.194736842105262986e-01 2.678947368421052411e-01 1.905263157894736825e-01 3.851737054697081447e+07
3.194736842105262986e-01 2.678947368421052411e-01 2.163157894736842113e-01 3.660699600226865709e+07
3.194736842105262986e-01 2.678947368421052411e-01 2.421052631578947401e-01 3.524862636783374846e+07
3.194736842105262986e-01 2.678947368421052411e-01 2.678947368421052411e-01 3.438555519088653475e+07
3.194736842105262986e-01 2.936842105263157698e-01 3.578947368421052377e-02 1.052980572191828042e+08
3.194736842105262986e-01 2.936842105263157698e-01 6.157894736842105254e-02 7.410907304078470170e+07
3.194736842105262986e-01 2.936842105263157698e-01 8.736842105263156744e-02 5.842617004422560334e+07
3.194736842105262986e-01 2.936842105263157698e-01 1.131578947368420962e-01 4.823593200432825834e+07
3.194736842105262986e-01 2.936842105263157698e-01 1.389473684210526250e-01 4.407801566397868842e+07
3.194736842105262986e-01 2.936842105263157698e-01 1.647368421052631537e-01 3.956498665112434328e+07
3.194736842105262986e-01 2.936842105263157698e-01 1.905263157894736825e-01 3.760574184911045432e+07
3.194736842105262986e-01 2.936842105263157698e-01 2.163157894736842113e-01 3.575623314930224419e+07
3.194736842105262986e-01 2.936842105263157698e-01 2.421052631578947401e-01 3.443226313597320020e+07
3.194736842105262986e-01 2.936842105263157698e-01 2.678947368421052411e-01 3.358692821067138761e+07
3.194736842105262986e-01 2.936842105263157698e-01 2.936842105263157698e-01 3.279838104202026129e+07
3.194736842105262986e-01 3.194736842105262986e-01 1.000000000000000021e-02 1.187769938379064798e+08
3.194736842105262986e-01 3.194736842105262986e-01 3.578947368421052377e-02 9.755862390177659690e+07
3.194736842105262986e-01 3.194736842105262986e-01 6.157894736842105254e-02 7.190234148569959402e+07
3.194736842105262986e-01 3.194736842105262986e-01 8.736842105263156744e-02 5.727267234752231836e+07
3.194736842105262986e-01 3.194736842105262986e-01 1.131578947368420962e-01 4.743615042815252393e+07
3.194736842105262986e-01 3.194736842105262986e-01 1.389473684210526250e-01 4.339649926458995044e+07
3.194736842105262986e-01 3.194736842105262986e-01 1.647368421052631537e-01 3.896155638474288583e+07
3.194736842105262986e-01 3.194736842105262986e-01 1.905263157894736825e-01 3.703444375088696927e+07
3.194736842105262986e-01 3.194736842105262986e-01 2.163157894736842113e-01 3.520689593017499149e+07
3.194736842105262986e-01 3.194736842105262986e-01 2.421052631578947401e-01 3.389524788707131147e+07
3.194736842105262986e-01 3.194736842105262986e-01 2.678947368421052411e-01 3.305581098332760856e+07
3.194736842105262986e-01 3.194736842105262986e-01 2.936842105263157698e-01 3.226984204925960302e+07
3.194736842105262986e-01 3.194736842105262986e-01 3.194736842105262986e-01 3.174063758256337419e+07
3.452631578947368274e-01 1.905263157894736825e-01 1.647368421052631537e-01 4.776953241739745438e+07
3.452631578947368274e-01 1.905263157894736825e-01 1.905263157894736825e-01 4.417879457905010134e+07
3.452631578947368274e-01 2.163157894736842113e-01 1.389473684210526250e-01 5.080810822157818079e+07
3.452631578947368274e-01 2.163157894736842113e-01 1.647368421052631537e-01 4.411667001429734379e+07
3.452631578947368274e-01 2.163157894736842113e-01 1.905263157894736825e-01 4.130537458342523873e+07
3.452631578947368274e-01 2.163157894736842113e-01 2.163157894736842113e-01 3.891510111862702668e+07
3.452631578947368274e-01 2.421052631578947401e-01 1.131578947368420962e-01 5.344314207266745716e+07
3.452631578947368274e-01 2.421052631578947401e-01 1.389473684210526250e-01 4.737376180703310668e+07
3.452631578947368274e-01 2.421052631578947401e-01 1.647368421052631537e-01 4.178519424145925790e+07
3.452631578947368274e-01 2.421052631578947401e-01 1.905263157894736825e-01 3.940284352575374395e+07
3.452631578947368274e-01 2.421052631578947401e-01 2.163157894736842113e-01 3.728301426599327475e+07
3.452631578947368274e-01 2.421052631578947401e-01 2.421052631578947401e-01 3.580390652562601864e+07
3.452631578947368274e-01 2.678947368421052411e-01 8.736842105263156744e-02 6.344192851484361291e+07
3.452631578947368274e-01 2.678947368421052411e-01 1.131578947368420962e-01 5.041855322525167465e+07
3.452631578947368274e-01 2.678947368421052411e-01 1.389473684210526250e-01 4.539433639558500051e+07
3.452631578947368274e-01 2.678947368421052411e-01 1.647368421052631537e-01 4.039219640338983387e+07
3.452631578947368274e-01 2.678947368421052411e-01 1.905263157894736825e-01 3.824022437112675607e+07
3.452631578947368274e-01 2.678947368421052411e-01 2.163157894736842113e-01 3.626732096413292736e+07
3.452631578947368274e-01 2.678947368421052411e-01 2.421052631578947401e-01 3.487184542360988259e+07
3.452631578947368274e-01 2.678947368421052411e-01 2.678947368421052411e-01 3.398563589630395174e+07
3.452631578947368274e-01 2.936842105263157698e-01 6.157894736842105254e-02 7.771890843968774378e+07
3.452631578947368274e-01 2.936842105263157698e-01 8.736842105263156744e-02 5.924549886526879668e+07
3.452631578947368274e-01 2.936842105263157698e-01 1.131578947368420962e-01 4.827338451195505261e+07
3.452631578947368274e-01 2.936842105263157698e-01 1.389473684210526250e-01 4.388212333024340123e+07
3.452631578947368274e-01 2.936842105263157698e-01 1.647368421052631537e-01 3.924806343829282373e+07
3.452631578947368274e-01 2.936842105263157698e-01 1.905263157894736825e-01 3.724235755738282204e+07
3.452631578947368274e-01 2.936842105263157698e-01 2.163157894736842113e-01 3.536461600614451617e+07
3.452631578947368274e-01 2.936842105263157698e-01 2.421052631578947401e-01 3.402388284813202918e+07
3.452631578947368274e-01 2.936842105263157698e-01 2.678947368421052411e-01 3.316775325356505066e+07
3.452631578947368274e-01 2.936842105263157698e-01 2.936842105263157698e-01 3.236972133672336489e+07
3.452631578947368274e-01 3.194736842105262986e-01 3.578947368421052377e-02 1.028039048769931644e+08
3.452631578947368274e-01 3.194736842105262986e-01 6.157894736842105254e-02 7.251462839526115358e+07
3.452631578947368274e-01 3.194736842105262986e-01 8.736842105263156744e-02 5.712413695864863694e+07
3.452631578947368274e-01 3.194736842105262986e-01 1.131578947368420962e-01 4.709022915868479013e+07
3.452631578947368274e-01 3.194736842105262986e-01 1.389473684210526250e-01 4.299610800479280949e+07
3.452631578947368274e-01 3.194736842105262986e-01 1.647368421052631537e-01 3.854034678805003315e+07
3.452631578947368274e-01 3.194736842105262986e-01 1.905263157894736825e-01 3.660626045060246438e+07
3.452631578947368274e-01 3.194736842105262986e-01 2.163157894736842113e-01 3.477586767826831341e+07
3.452631578947368274e-01 3.194736842105262986e-01 2.421052631578947401e-01 3.346252044682108238e+07
3.452631578947368274e-01 3.194736842105262986e-01 2.678947368421052411e-01 3.262136415614743903e+07
3.452631578947368274e-01 3.194736842105262986e-01 2.936842105263157698e-01 3.183302876182350516e+07
3.452631578947368274e-01 3.194736842105262986e-01 3.194736842105262986e-01 3.130074715522831678e+07
3.452631578947368274e-01 3.452631578947368274e-01 1.000000000000000021e-02 1.168924278504761755e+08
3.452631578947368274e-01 3.452631578947368274e-01 3.578947368421052377e-02 9.592923327086892724e+07
3.452631578947368274e-01 3.452631578947368274e-01 6.157894736842105254e-02 7.057883985319727659e+07
3.452631578947368274e-01 3.452631578947368274e-01 8.736842105263156744e-02 5.612396049787014723e+07
3.452631578947368274e-01 3.452631578947368274e-01 1.131578947368420962e-01 4.640232801499553025e+07
3.452631578947368274e-01 3.452631578947368274e-01 1.389473684210526250e-01 4.241210592082655430e+07
3.452631578947368274e-01 3.452631578947368274e-01 1.647368421052631537e-01 3.802505396716926992e+07
3.452631578947368274e-01 3.452631578947368274e-01 1.905263157894736825e-01 3.611935178275679052e+07
3.452631578947368274e-01 3.452631578947368274e-01 2.163157894736842113e-01 3.430883551518191397e+07
3.452631578947368274e-01 3.452631578947368274e-01 2.421052631578947401e-01 3.300721122182563320e+07
3.452631578947368274e-01 3.452631578947368274e-01 2.678947368421052411e-01 3.217234450610736012e+07
3.452631578947368274e-01 3.452631578947368274e-01 2.936842105263157698e-01 3.138784582698059827e+07
3.452631578947368274e-01 3.452631578947368274e-01 3.194736842105262986e-01 3.085681336169395596e+07
3.452631578947368274e-01 3.452631578947368274e-01 3.452631578947368274e-01 3.041243429172824323e+07
3.710526315789473562e-01 1.905263157894736825e-01 1.905263157894736825e-01 4.478876432213319838e+07
3.710526315789473562e-01 2.163157894736842113e-01 1.647368421052631537e-01 4.471424359157882631e+07
3.710526315789473562e-01 2.163157894736842113e-01 1.905263157894736825e-01 4.152473916687507927e+07
3.710526315789473562e-01 2.163157894736842113e-01 2.163157894736842113e-01 3.890492995315206796e+07
3.710526315789473562e-01 2.421052631578947401e-01 1.389473684210526250e-01 4.820024622379620373e+07
3.710526315789473562e-01 2.421052631578947401e-01 1.647368421052631537e-01 4.201208871332065761e+07
3.710526315789473562e-01 2.421052631578947401e-01 1.905263157894736825e-01 3.940151000196382403e+07
3.710526315789473562e-01 2.421052631578947401e-01 2.163157894736842113e-01 3.714170704423035681e+07
3.710526315789473562e-01 2.421052631578947401e-01 2.421052631578947401e-01 3.558206057266339660e+07
3.710526315789473562e-01 2.678947368421052411e-01 1.131578947368420962e-01 5.152116063937886059e+07
3.710526315789473562e-01 2.678947368421052411e-01 1.389473684210526250e-01 4.578345319119175524e+07
3.710526315789473562e-01 2.678947368421052411e-01 1.647368421052631537e-01 4.040653373722019792e+07
3.710526315789473562e-01 2.678947368421052411e-01 1.905263157894736825e-01 3.811068986025454104e+07
3.710526315789473562e-01 2.678947368421052411e-01 2.163157894736842113e-01 3.604914952952985466e+07
3.710526315789473562e-01 2.678947368421052411e-01 2.421052631578947401e-01 3.460248920675643533e+07
3.710526315789473562e-01 2.678947368421052411e-01 2.678947368421052411e-01 3.368592813860645145e+07
3.710526315789473562e-01 2.936842105263157698e-01 8.736842105263156744e-02 6.108607591624580324e+07
3.710526315789473562e-01 2.936842105263157698e-01 1.131578947368420962e-01 4.874761975160268694e+07
3.710526315789473562e-01 2.936842105263157698e-01 1.389473684210526250e-01 4.395168973171550035e+07
3.710526315789473562e-01 2.936842105263157698e-01 1.647368421052631537e-01 3.910379652344900370e+07
3.710526315789473562e-01 2.936842105263157698e-01 1.905263157894736825e-01 3.701579365169572830e+07
3.710526315789473562e-01 2.936842105263157698e-01 2.163157894736842113e-01 3.508767029274858534e+07
3.710526315789473562e-01 2.936842105263157698e-01 2.421052631578947401e-01 3.371789909637569636e+07
3.710526315789473562e-01 2.936842105263157698e-01 2.678947368421052411e-01 3.284446066480822116e+07
3.710526315789473562e-01 2.936842105263157698e-01 2.936842105263157698e-01 3.203281577035701275e+07
3.710526315789473562e-01 3.194736842105262986e-01 6.157894736842105254e-02 7.572094229666566849e+07
3.710526315789473562e-01 3.194736842105262986e-01 8.736842105263156744e-02 5.787182402782782912e+07
3.710526315789473562e-01 3.194736842105262986e-01 1.131578947368420962e-01 4.714865290866507590e+07
3.710526315789473562e-01 3.194736842105262986e-01 1.389473684210526250e-01 4.284869797889567912e+07
3.710526315789473562e-01 3.194736842105262986e-01 1.647368421052631537e-01 3.828667217783892900e+07
3.710526315789473562e-01 3.194736842105262986e-01 1.905263157894736825e-01 3.631203989521475881e+07
3.710526315789473562e-01 3.194736842105262986e-01 2.163157894736842113e-01 3.445758676005102694e+07
3.710526315789473562e-01 3.194736842105262986e-01 2.421052631578947401e-01 3.313054405932775512e+07
3.710526315789473562e-01 3.194736842105262986e-01 2.678947368421052411e-01 3.228112334060277790e+07
3.710526315789473562e-01 3.194736842105262986e-01 2.936842105263157698e-01 3.148608823792776838e+07
3.710526315789473562e-01 3.194736842105262986e-01 3.194736842105262986e-01 3.094852156577088311e+07
3.710526315789473562e-01 3.452631578947368274e-01 3.578947368421052377e-02 1.005563802435507774e+08
3.710526315789473562e-01 3.452631578947368274e-01 6.157894736842105254e-02 7.114602767981152236e+07
3.710526315789473562e-01 3.452631578947368274e-01 8.736842105263156744e-02 5.602155914446644485e+07
3.710526315789473562e-01 3.452631578947368274e-01 1.131578947368420962e-01 4.612489763834641874e+07
3.710526315789473562e-01 3.452631578947368274e-01 1.389473684210526250e-01 4.208597106151968986e+07
3.710526315789473562e-01 3.452631578947368274e-01 1.647368421052631537e-01 3.768018337220317125e+07
3.710526315789473562e-01 3.452631578947368274e-01 1.905263157894736825e-01 3.576827530172585696e+07
3.710526315789473562e-01 3.452631578947368274e-01 2.163157894736842113e-01 3.395555085957479477e+07
3.710526315789473562e-01 3.452631578947368274e-01 2.421052631578947401e-01 3.265301003198362142e+07
3.710526315789473562e-01 3.452631578947368274e-01 2.678947368421052411e-01 3.181740065054443479e+07
3.710526315789473562e-01 3.452631578947368274e-01 2.936842105263157698e-01 3.103193034262059629e+07
3.710526315789473562e-01 3.452631578947368274e-01 3.194736842105262986e-01 3.049950501354657859e+07
3.710526315789473562e-01 3.452631578947368274e-01 3.452631578947368274e-01 3.005318899765872955e+07
3.710526315789473562e-01 3.710526315789473562e-01 1.000000000000000021e-02 1.153457003568593860e+08
3.710526315789473562e-01 3.710526315789473562e-01 3.578947368421052377e-02 9.459058967742128670e+07
3.710526315789473562e-01 3.710526315789473562e-01 6.157894736842105254e-02 6.949000978850956261e+07
3.710526315789473562e-01 3.710526315789473562e-01 8.736842105263156744e-02 5.517792722057284415e+07
3.710526315789473562e-01 3.710526315789473562e-01 1.131578947368420962e-01 4.555059573776404560e+07
3.710526315789473562e-01 3.710526315789473562e-01 1.389473684210526250e-01 4.160083845198389888e+07
3.710526315789473562e-01 3.710526315789473562e-01 1.647368421052631537e-01 3.725385242980024219e+07
3.710526315789473562e-01 3.710526315789473562e-01 1.905263157894736825e-01 3.536624707923858613e+07
3.710526315789473562e-01 3.710526315789473562e-01 2.163157894736842113e-01 3.357074402358616143e+07
3.710526315789473562e-01 3.710526315789473562e-01 2.421052631578947401e-01 3.227862278678064048e+07
3.710526315789473562e-01 3.710526315789473562e-01 2.678947368421052411e-01 3.144890393658848107e+07
3.710526315789473562e-01 3.710526315789473562e-01 2.936842105263157698e-01 3.066747125851868838e+07
3.710526315789473562e-01 3.710526315789473562e-01 3.194736842105262986e-01 3.013700446050602198e+07
3.710526315789473562e-01 3.710526315789473562e-01 3.452631578947368274e-01 2.969141122953786701e+07
3.710526315789473562e-01 3.710526315789473562e-01 3.710526315789473562e-01 2.932929847569282353e+07
3.968421052631578849e-01 2.163157894736842113e-01 1.905263157894736825e-01 4.196861070034113526e+07
3.968421052631578849e-01 2.163157894736842113e-01 2.163157894736842113e-01 3.905909302804058045e+07
3.968421052631578849e-01 2.421052631578947401e-01 1.647368421052631537e-01 4.247833044372814894e+07
3.968421052631578849e-01 2.421052631578947401e-01 1.905263157894736825e-01 3.957190578264630586e+07
3.968421052631578849e-01 2.421052631578947401e-01 2.163157894736842113e-01 3.713401686935774982e+07
3.968421052631578849e-01 2.421052631578947401e-01 2.421052631578947401e-01 3.547394848728626221e+07
3.968421052631578849e-01 2.678947368421052411e-01 1.389473684210526250e-01 4.649381350971165299e+07
3.968421052631578849e-01 2.678947368421052411e-01 1.647368421052631537e-01 4.061372399985377491e+07
3.968421052631578849e-01 2.678947368421052411e-01 1.905263157894736825e-01 3.812693337361465394e+07
3.968421052631578849e-01 2.678947368421052411e-01 2.163157894736842113e-01 3.594931596452538669e+07
3.968421052631578849e-01 2.678947368421052411e-01 2.421052631578947401e-01 3.443680102241737396e+07
3.968421052631578849e-01 2.678947368421052411e-01 2.678947368421052411e-01 3.348229483298653737e+07
3.968421052631578849e-01 2.936842105263157698e-01 1.131578947368420962e-01 4.966422372635434568e+07
3.968421052631578849e-01 2.936842105263157698e-01 1.389473684210526250e-01 4.428079702889168262e+07
3.968421052631578849e-01 2.936842105263157698e-01 1.647368421052631537e-01 3.912549008869872987e+07
3.968421052631578849e-01 2.936842105263157698e-01 1.905263157894736825e-01 3.691988084068141133e+07
3.968421052631578849e-01 2.936842105263157698e-01 2.163157894736842113e-01 3.492003240317287296e+07
3.968421052631578849e-01 2.936842105263157698e-01 2.421052631578947401e-01 3.350949807224724069e+07
3.968421052631578849e-01 2.936842105263157698e-01 2.678947368421052411e-01 3.261251121679042280e+07
3.968421052631578849e-01 2.936842105263157698e-01 2.936842105263157698e-01 3.178321494451618195e+07
3.968421052631578849e-01 3.194736842105262986e-01 8.736842105263156744e-02 5.948795984725786746e+07
3.968421052631578849e-01 3.194736842105262986e-01 1.131578947368420962e-01 4.758379306258141994e+07
3.968421052631578849e-01 3.194736842105262986e-01 1.389473684210526250e-01 4.293404702010546625e+07
3.968421052631578849e-01 3.194736842105262986e-01 1.647368421052631537e-01 3.818762091049086303e+07
3.968421052631578849e-01 3.194736842105262986e-01 1.905263157894736825e-01 3.614222050967685133e+07
3.968421052631578849e-01 3.194736842105262986e-01 2.163157894736842113e-01 3.424487139542470872e+07
3.968421052631578849e-01 3.194736842105262986e-01 2.421052631578947401e-01 3.289354260337456316e+07
3.968421052631578849e-01 3.194736842105262986e-01 2.678947368421052411e-01 3.203007921200433373e+07
3.968421052631578849e-01 3.194736842105262986e-01 2.936842105263157698e-01 3.122447109059435874e+07
3.968421052631578849e-01 3.194736842105262986e-01 3.194736842105262986e-01 3.067958106408275664e+07
3.968421052631578849e-01 3.452631578947368274e-01 6.157894736842105254e-02 7.393389116019447148e+07
3.968421052631578849e-01 3.452631578947368274e-01 8.736842105263156744e-02 5.669211430323876441e+07
3.968421052631578849e-01 3.452631578947368274e-01 1.131578947368420962e-01 4.620110835964986682e+07
3.968421052631578849e-01 3.452631578947368274e-01 1.389473684210526250e-01 4.198448197926306725e+07
3.968421052631578849e-01 3.452631578947368274e-01 1.647368421052631537e-01 3.748698623082365841e+07
3.968421052631578849e-01 3.452631578947368274e-01 1.905263157894736825e-01 3.554017281616157293e+07
3.968421052631578849e-01 3.452631578947368274e-01 2.163157894736842113e-01 3.370698114018443972e+07
3.968421052631578849e-01 3.452631578947368274e-01 2.421052631578947401e-01 3.239308359271152318e+07
3.968421052631578849e-01 3.452631578947368274e-01 2.678947368421052411e-01 3.155092065639726818e+07
3.968421052631578849e-01 3.452631578947368274e-01 2.936842105263157698e-01 3.076046963333103806e+07
3.968421052631578849e-01 3.452631578947368274e-01 3.194736842105262986e-01 3.022441802049337327e+07
3.968421052631578849e-01 3.452631578947368274e-01 3.452631578947368274e-01 2.977485289326950163e+07
3.968421052631578849e-01 3.710526315789473562e-01 3.578947368421052377e-02 9.857613270239977539e+07
3.968421052631578849e-01 3.710526315789473562e-01 6.157894736842105254e-02 7.000520411303237081e+07
3.968421052631578849e-01 3.710526315789473562e-01 8.736842105263156744e-02 5.511800932682763040e+07
3.968421052631578849e-01 3.710526315789473562e-01 1.131578947368420962e-01 4.533891622627177835e+07
3.968421052631578849e-01 3.710526315789473562e-01 1.389473684210526250e-01 4.134653085948482156e+07
3.968421052631578849e-01 3.710526315789473562e-01 1.647368421052631537e-01 3.698275106521005929e+07
3.968421052631578849e-01 3.710526315789473562e-01 1.905263157894736825e-01 3.508954428139965236e+07
3.968421052631578849e-01 3.710526315789473562e-01 2.163157894736842113e-01 3.329208299121918902e+07
3.968421052631578849e-01 3.710526315789473562e-01 2.421052631578947401e-01 3.199932079245852306e+07
3.968421052631578849e-01 3.710526315789473562e-01 2.678947368421052411e-01 3.116925792112313583e+07
3.968421052631578849e-01 3.710526315789473562e-01 2.936842105263157698e-01 3.038747581783929840e+07
3.968421052631578849e-01 3.710526315789473562e-01 3.194736842105262986e-01 2.985642375181265920e+07
3.968421052631578849e-01 3.710526315789473562e-01 3.452631578947368274e-01 2.940994276611186191e+07
3.968421052631578849e-01 3.710526315789473562e-01 3.710526315789473562e-01 2.904659644782240316e+07
3.968421052631578849e-01 3.968421052631578849e-01 1.000000000000000021e-02 1.141233717065206617e+08
3.968421052631578849e-01 3.968421052631578849e-01 3.578947368421052377e-02 9.353196028427590430e+07
3.968421052631578849e-01 3.968421052631578849e-01 6.157894736842105254e-02 6.862810620312520862e+07
3.968421052631578849e-01 3.968421052631578849e-01 8.736842105263156744e-02 5.442849775786896050e+07
3.968421052631578849e-01 3.968421052631578849e-01 1.131578947368420962e-01 4.487567219841937721e+07
3.968421052631578849e-01 3.968421052631578849e-01 1.389473684210526250e-01 4.095782184344109148e+07
3.968421052631578849e-01 3.968421052631578849e-01 1.647368421052631537e-01 3.664287940239680558e+07
3.968421052631578849e-01 3.968421052631578849e-01 1.905263157894736825e-01 3.476982921511919796e+07
3.968421052631578849e-01 3.968421052631578849e-01 2.163157894736842113e-01 3.298670709870351478e+07
3.968421052631578849e-01 3.968421052631578849e-01 2.421052631578947401e-01 3.170273113411605358e+07
3.968421052631578849e-01 3.968421052631578849e-01 2.678947368421052411e-01 3.087776808782263845e+07
3.968421052631578849e-01 3.968421052631578849e-01 2.936842105263157698e-01 3.009967491285685822e+07
3.968421052631578849e-01 3.968421052631578849e-01 3.194736842105262986e-01 2.957066156134384871e+07
3.968421052631578849e-01 3.968421052631578849e-01 3.452631578947368274e-01 2.912530383437711373e+07
3.968421052631578849e-01 3.968421052631578849e-01 3.710526315789473562e-01 2.876231279818877578e+07
3.968421052631578849e-01 3.968421052631578849e-01 3.968421052631578849e-01 2.847774763590936735e+07
4.226315789473684137e-01 2.163157894736842113e-01 2.163157894736842113e-01 3.936054363839146495e+07
4.226315789473684137e-01 2.421052631578947401e-01 1.905263157894736825e-01 3.989751473346391320e+07
4.226315789473684137e-01 2.421052631578947401e-01 2.163157894736842113e-01 3.723474525839465857e+07
4.226315789473684137e-01 2.421052631578947401e-01 2.421052631578947401e-01 3.544996026221664995e+07
4.226315789473684137e-01 2.678947368421052411e-01 1.647368421052631537e-01 4.099832987395054847e+07
4.226315789473684137e-01 2.678947368421052411e-01 1.905263157894736825e-01 3.826386244244751334e+07
4.226315789473684137e-01 2.678947368421052411e-01 2.163157894736842113e-01 3.593804087573163956e+07
4.226315789473684137e-01 2.678947368421052411e-01 2.421052631578947401e-01 3.434265829366476834e+07
4.226315789473684137e-01 2.678947368421052411e-01 2.678947368421052411e-01 3.334126325546398759e+07
4.226315789473684137e-01 2.936842105263157698e-01 1.389473684210526250e-01 4.485725494216506183e+07
4.226315789473684137e-01 2.936842105263157698e-01 1.647368421052631537e-01 3.928640994415110350e+07
4.226315789473684137e-01 2.936842105263157698e-01 1.905263157894736825e-01 3.692340723181685805e+07
4.226315789473684137e-01 2.936842105263157698e-01 2.163157894736842113e-01 3.482857373297610879e+07
4.226315789473684137e-01 2.936842105263157698e-01 2.421052631578947401e-01 3.336467972168326378e+07
4.226315789473684137e-01 2.936842105263157698e-01 2.678947368421052411e-01 3.243739808517203853e+07
4.226315789473684137e-01 2.936842105263157698e-01 2.936842105263157698e-01 3.158600306775702164e+07
4.226315789473684137e-01 3.194736842105262986e-01 1.131578947368420962e-01 4.838298127584582567e+07
4.226315789473684137e-01 3.194736842105262986e-01 1.389473684210526250e-01 4.322157715338899195e+07
4.226315789473684137e-01 3.194736842105262986e-01 1.647368421052631537e-01 3.820832004701007903e+07
4.226315789473684137e-01 3.194736842105262986e-01 1.905263157894736825e-01 3.606102770474991202e+07
4.226315789473684137e-01 3.194736842105262986e-01 2.163157894736842113e-01 3.410201490146617591e+07
4.226315789473684137e-01 3.194736842105262986e-01 2.421052631578947401e-01 3.271601563641089946e+07
4.226315789473684137e-01 3.194736842105262986e-01 2.678947368421052411e-01 3.183284514603029191e+07
4.226315789473684137e-01 3.194736842105262986e-01 2.936842105263157698e-01 3.101284406241457909e+07
4.226315789473684137e-01 3.194736842105262986e-01 3.194736842105262986e-01 3.045850843408416957e+07
4.226315789473684137e-01 3.452631578947368274e-01 8.736842105263156744e-02 5.810667418079976737e+07
4.226315789473684137e-01 3.452631578947368274e-01 1.131578947368420962e-01 4.658365712080390751e+07
4.226315789473684137e-01 3.452631578947368274e-01 1.389473684210526250e-01 4.206142387159147859e+07
4.226315789473684137e-01 3.452631578947368274e-01 1.647368421052631537e-01 3.740342778924971074e+07
4.226315789473684137e-01 3.452631578947368274e-01 1.905263157894736825e-01 3.539513669183334708e+07
4.226315789473684137e-01 3.452631578947368274e-01 2.163157894736842113e-01 3.352501897628154606e+07
4.226315789473684137e-01 3.452631578947368274e-01 2.421052631578947401e-01 3.219048657743544132e+07
4.226315789473684137e-01 3.452631578947368274e-01 2.678947368421052411e-01 3.133662398634674773e+07
4.226315789473684137e-01 3.452631578947368274e-01 2.936842105263157698e-01 3.053764688265285641e+07
4.226315789473684137e-01 3.452631578947368274e-01 3.194736842105262986e-01 2.999594008970434219e+07
4.226315789473684137e-01 3.452631578947368274e-01 3.452631578947368274e-01 2.954186125797455385e+07
4.226315789473684137e-01 3.710526315789473562e-01 6.157894736842105254e-02 7.245911759825666249e+07
4.226315789473684137e-01 3.710526315789473562e-01 8.736842105263156744e-02 5.571152929710574448e+07
4.226315789473684137e-01 3.710526315789473562e-01 1.131578947368420962e-01 4.541034223318706453e+07
4.226315789473684137e-01 3.710526315789473562e-01 1.389473684210526250e-01 4.126184092600128800e+07
4.226315789473684137e-01 3.710526315789473562e-01 1.647368421052631537e-01 3.681781853600355983e+07
4.226315789473684137e-01 3.710526315789473562e-01 1.905263157894736825e-01 3.489412643874919415e+07
4.226315789473684137e-01 3.710526315789473562e-01 2.163157894736842113e-01 3.307901288716055453e+07
4.226315789473684137e-01 3.710526315789473562e-01 2.421052631578947401e-01 3.177664697463053092e+07
4.226315789473684137e-01 3.710526315789473562e-01 2.678947368421052411e-01 3.094120607044620812e+07
4.226315789473684137e-01 3.710526315789473562e-01 2.936842105263157698e-01 3.015554655851663277e+07
4.226315789473684137e-01 3.710526315789473562e-01 3.194736842105262986e-01 2.962183897361737117e+07
4.226315789473684137e-01 3.710526315789473562e-01 3.452631578947368274e-01 2.917312565655935183e+07
4.226315789473684137e-01 3.710526315789473562e-01 3.710526315789473562e-01 2.880774209492482990e+07
4.226315789473684137e-01 3.968421052631578849e-01 3.578947368421052377e-02 9.714413586764444411e+07
4.226315789473684137e-01 3.968421052631578849e-01 6.157894736842105254e-02 6.910908868268615007e+07
4.226315789473684137e-01 3.968421052631578849e-01 8.736842105263156744e-02 5.438903492963971198e+07
4.226315789473684137e-01 3.968421052631578849e-01 1.131578947368420962e-01 4.469814765351422131e+07
4.226315789473684137e-01 3.968421052631578849e-01 1.389473684210526250e-01 4.074127554894207418e+07
4.226315789473684137e-01 3.968421052631578849e-01 1.647368421052631537e-01 3.641081151612107456e+07
4.226315789473684137e-01 3.968421052631578849e-01 1.905263157894736825e-01 3.453254455108383298e+07
4.226315789473684137e-01 3.968421052631578849e-01 2.163157894736842113e-01 3.274764422017279267e+07
4.226315789473684137e-01 3.968421052631578849e-01 2.421052631578947401e-01 3.146319347133965045e+07
4.226315789473684137e-01 3.968421052631578849e-01 2.678947368421052411e-01 3.063809094907728583e+07
4.226315789473684137e-01 3.968421052631578849e-01 2.936842105263157698e-01 2.985997318531563133e+07
4.226315789473684137e-01 3.968421052631578849e-01 3.194736842105262986e-01 2.933077933373851702e+07
4.226315789473684137e-01 3.968421052631578849e-01 3.452631578947368274e-01 2.888505946496829391e+07
4.226315789473684137e-01 3.968421052631578849e-01 3.710526315789473562e-01 2.852148221181486547e+07
4.226315789473684137e-01 3.968421052631578849e-01 3.968421052631578849e-01 2.823610144219037890e+07
4.226315789473684137e-01 4.226315789473684137e-01 1.000000000000000021e-02 1.130749781191327423e+08
4.226315789473684137e-01 4.226315789473684137e-01 3.578947368421052377e-02 9.262333027226887643e+07
4.226315789473684137e-01 4.226315789473684137e-01 6.157894736842105254e-02 6.788760289239212871e+07
4.226315789473684137e-01 4.226315789473684137e-01 8.736842105263156744e-02 5.378411180722507089e+07
4.226315789473684137e-01 4.226315789473684137e-01 1.131578947368420962e-01 4.429513276451607049e+07
4.226315789473684137e-01 4.226315789473684137e-01 1.389473684210526250e-01 4.040451752525214106e+07
4.226315789473684137e-01 4.226315789473684137e-01 1.647368421052631537e-01 3.611731222207973897e+07
4.226315789473684137e-01 4.226315789473684137e-01 1.905263157894736825e-01 3.425686144739974290e+07
4.226315789473684137e-01 4.226315789473684137e-01 2.163157894736842113e-01 3.248468462686856836e+07
4.226315789473684137e-01 4.226315789473684137e-01 2.421052631578947401e-01 3.120809966325743124e+07
4.226315789473684137e-01 4.226315789473684137e-01 2.678947368421052411e-01 3.038763604359497130e+07
4.226315789473684137e-01 4.226315789473684137e-01 2.936842105263157698e-01 2.961299655161403120e+07
4.226315789473684137e-01 4.226315789473684137e-01 3.194736842105262986e-01 2.908585844607280940e+07
4.226315789473684137e-01 4.226315789473684137e-01 3.452631578947368274e-01 2.864145207000282407e+07
4.226315789473684137e-01 4.226315789473684137e-01 3.710526315789473562e-01 2.827857350296500325e+07
4.226315789473684137e-01 4.226315789473684137e-01 3.968421052631578849e-01 2.799338886080347747e+07
4.226315789473684137e-01 4.226315789473684137e-01 4.226315789473684137e-01 2.775047671119976789e+07
4.484210526315789425e-01 2.421052631578947401e-01 2.163157894736842113e-01 3.745469948727004230e+07
4.484210526315789425e-01 2.421052631578947401e-01 2.421052631578947401e-01 3.551658693214705586e+07
4.484210526315789425e-01 2.678947368421052411e-01 1.905263157894736825e-01 3.853284225550332665e+07
4.484210526315789425e-01 2.678947368421052411e-01 2.163157894736842113e-01 3.602188246791634709e+07
4.484210526315789425e-01 2.678947368421052411e-01 2.421052631578947401e-01 3.432437051586738974e+07
4.484210526315789425e-01 2.678947368421052411e-01 2.678947368421052411e-01 3.326601466715887189e+07
4.484210526315789425e-01 2.936842105263157698e-01 1.647368421052631537e-01 3.959751076847538352e+07
4.484210526315789425e-01 2.936842105263157698e-01 1.905263157894736825e-01 3.703238167466993630e+07
4.484210526315789425e-01 2.936842105263157698e-01 2.163157894736842113e-01 3.481714374792094529e+07
4.484210526315789425e-01 2.936842105263157698e-01 2.421052631578947401e-01 3.328634570285765827e+07
4.484210526315789425e-01 2.936842105263157698e-01 2.678947368421052411e-01 3.232156740862872452e+07
4.484210526315789425e-01 2.936842105263157698e-01 2.936842105263157698e-01 3.144332990468651801e+07
4.484210526315789425e-01 3.194736842105262986e-01 1.389473684210526250e-01 4.372308881538790464e+07
4.484210526315789425e-01 3.194736842105262986e-01 1.647368421052631537e-01 3.835337172875217348e+07
4.484210526315789425e-01 3.194736842105262986e-01 1.905263157894736825e-01 3.607121141108009219e+07
4.484210526315789425e-01 3.194736842105262986e-01 2.163157894736842113e-01 3.403118325505790114e+07
4.484210526315789425e-01 3.194736842105262986e-01 2.421052631578947401e-01 3.259996845720361173e+07
4.484210526315789425e-01 3.194736842105262986e-01 2.678947368421052411e-01 3.169138349383653700e+07
4.484210526315789425e-01 3.194736842105262986e-01 2.936842105263157698e-01 3.085314747743324935e+07
4.484210526315789425e-01 3.194736842105262986e-01 3.194736842105262986e-01 3.028720767968198285e+07
4.484210526315789425e-01 3.452631578947368274e-01 1.131578947368420962e-01 4.728175920279103518e+07
4.484210526315789425e-01 3.452631578947368274e-01 1.389473684210526250e-01 4.231757341262887418e+07
4.484210526315789425e-01 3.452631578947368274e-01 1.647368421052631537e-01 3.742954648540427536e+07
4.484210526315789425e-01 3.452631578947368274e-01 1.905263157894736825e-01 3.533351037264704704e+07
4.484210526315789425e-01 3.452631578947368274e-01 2.163157894736842113e-01 3.341054893323311210e+07
4.484210526315789425e-01 3.452631578947368274e-01 2.421052631578947401e-01 3.204651606283915788e+07
4.484210526315789425e-01 3.452631578947368274e-01 2.678947368421052411e-01 3.117606975592031330e+07
4.484210526315789425e-01 3.452631578947368274e-01 2.936842105263157698e-01 3.036520610554422438e+07
4.484210526315789425e-01 3.452631578947368274e-01 3.194736842105262986e-01 2.981591053550014272e+07
4.484210526315789425e-01 3.452631578947368274e-01 3.452631578947368274e-01 2.935608932116140425e+07
4.484210526315789425e-01 3.710526315789473562e-01 8.736842105263156744e-02 5.695278611131103337e+07
4.484210526315789425e-01 3.710526315789473562e-01 1.131578947368420962e-01 4.575345596906040609e+07
4.484210526315789425e-01 3.710526315789473562e-01 1.389473684210526250e-01 4.133895029167950153e+07
4.484210526315789425e-01 3.710526315789473562e-01 1.647368421052631537e-01 3.675543035758985579e+07
4.484210526315789425e-01 3.710526315789473562e-01 1.905263157894736825e-01 3.477834846690355986e+07
4.484210526315789425e-01 3.710526315789473562e-01 2.163157894736842113e-01 3.293132441067188978e+07
4.484210526315789425e-01 3.710526315789473562e-01 2.421052631578947401e-01 3.161126862531632558e+07
4.484210526315789425e-01 3.710526315789473562e-01 2.678947368421052411e-01 3.076592750536312535e+07
4.484210526315789425e-01 3.710526315789473562e-01 2.936842105263157698e-01 2.997321947556145117e+07
4.484210526315789425e-01 3.710526315789473562e-01 3.194736842105262986e-01 2.943499072103040293e+07
4.484210526315789425e-01 3.710526315789473562e-01 3.452631578947368274e-01 2.898281955254504085e+07
4.484210526315789425e-01 3.710526315789473562e-01 3.710526315789473562e-01 2.861464708487376943e+07
4.484210526315789425e-01 3.968421052631578849e-01 6.157894736842105254e-02 7.130013302420693636e+07
4.484210526315789425e-01 3.968421052631578849e-01 8.736842105263156744e-02 5.493118959912392497e+07
4.484210526315789425e-01 3.968421052631578849e-01 1.131578947368420962e-01 4.477700195126318932e+07
4.484210526315789425e-01 3.968421052631578849e-01 1.389473684210526250e-01 4.068142874754528701e+07
4.484210526315789425e-01 3.968421052631578849e-01 1.647368421052631537e-01 3.627958965225426108e+07
4.484210526315789425e-01 3.968421052631578849e-01 1.905263157894736825e-01 3.437419453558246046e+07
4.484210526315789425e-01 3.968421052631578849e-01 2.163157894736842113e-01 3.257364068716026098e+07
4.484210526315789425e-01 3.968421052631578849e-01 2.421052631578947401e-01 3.128075381423741207e+07
4.484210526315789425e-01 3.968421052631578849e-01 2.678947368421052411e-01 3.045101316630199552e+07
4.484210526315789425e-01 3.968421052631578849e-01 2.936842105263157698e-01 2.966967255832578987e+07
4.484210526315789425e-01 3.968421052631578849e-01 3.194736842105262986e-01 2.913838326515849680e+07
4.484210526315789425e-01 3.968421052631578849e-01 3.452631578947368274e-01 2.869100959327494353e+07
4.484210526315789425e-01 3.968421052631578849e-01 3.710526315789473562e-01 2.832601573869790509e+07
4.484210526315789425e-01 3.968421052631578849e-01 3.968421052631578849e-01 2.803933437911946326e+07
4.484210526315789425e-01 4.226315789473684137e-01 3.578947368421052377e-02 9.581311604150649905e+07
4.484210526315789425e-01 4.226315789473684137e-01 6.157894736842105254e-02 6.832737833218130469e+07
4.484210526315789425e-01 4.226315789473684137e-01 8.736842105263156744e-02 5.376521309127904475e+07
4.484210526315789425e-01 4.226315789473684137e-01 1.131578947368420962e-01 4.415372542046570033e+07
4.484210526315789425e-01 4.226315789473684137e-01 1.389473684210526250e-01 4.022824765444417298e+07
4.484210526315789425e-01 4.226315789473684137e-01 1.647368421052631537e-01 3.592690093800100684e+07
4.484210526315789425e-01 4.226315789473684137e-01 1.905263157894736825e-01 3.406163772168438137e+07
4.484210526315789425e-01 4.226315789473684137e-01 2.163157894736842113e-01 3.228776729547718540e+07
4.484210526315789425e-01 4.226315789473684137e-01 2.421052631578947401e-01 3.101073533981921524e+07
4.484210526315789425e-01 4.226315789473684137e-01 2.678947368421052411e-01 3.019018779466991872e+07
4.484210526315789425e-01 4.226315789473684137e-01 2.936842105263157698e-01 2.941564121692784503e+07
4.484210526315789425e-01 4.226315789473684137e-01 3.194736842105262986e-01 2.888850634138989821e+07
4.484210526315789425e-01 4.226315789473684137e-01 3.452631578947368274e-01 2.844400170745652542e+07
4.484210526315789425e-01 4.226315789473684137e-01 3.710526315789473562e-01 2.808088261997493356e+07
4.484210526315789425e-01 4.226315789473684137e-01 3.968421052631578849e-01 2.779530662816045433e+07
4.484210526315789425e-01 4.226315789473684137e-01 4.226315789473684137e-01 2.755184277634217218e+07
4.484210526315789425e-01 4.484210526315789425e-01 1.000000000000000021e-02 1.122105920437411964e+08
4.484210526315789425e-01 4.484210526315789425e-01 3.578947368421052377e-02 9.187379837424845994e+07
4.484210526315789425e-01 4.484210526315789425e-01 6.157894736842105254e-02 6.727632739536136389e+07
4.484210526315789425e-01 4.484210526315789425e-01 8.736842105263156744e-02 5.325187340868851542e+07
4.484210526315789425e-01 4.484210526315789425e-01 1.131578947368420962e-01 4.381549470190334320e+07
4.484210526315789425e-01 4.484210526315789425e-01 1.389473684210526250e-01 3.994725582548272610e+07
4.484210526315789425e-01 4.484210526315789425e-01 1.647368421052631537e-01 3.568305797887109220e+07
4.484210526315789425e-01 4.484210526315789425e-01 1.905263157894736825e-01 3.383305645539926738e+07
4.484210526315789425e-01 4.484210526315789425e-01 2.163157894736842113e-01 3.207008329092269391e+07
4.484210526315789425e-01 4.484210526315789425e-01 2.421052631578947401e-01 3.079981469215119630e+07
4.484210526315789425e-01 4.484210526315789425e-01 2.678947368421052411e-01 2.998329022854236886e+07
4.484210526315789425e-01 4.484210526315789425e-01 2.936842105263157698e-01 2.921182055381467566e+07
4.484210526315789425e-01 4.484210526315789425e-01 3.194736842105262986e-01 2.868656950552695617e+07
4.484210526315789425e-01 4.484210526315789425e-01 3.452631578947368274e-01 2.824335216232460737e+07
4.484210526315789425e-01 4.484210526315789425e-01 3.710526315789473562e-01 2.788103104096511751e+07
4.484210526315789425e-01 4.484210526315789425e-01 3.968421052631578849e-01 2.759585690712897852e+07
4.484210526315789425e-01 4.484210526315789425e-01 4.226315789473684137e-01 2.735249813998825103e+07
4.484210526315789425e-01 4.484210526315789425e-01 4.484210526315789425e-01 2.715299817227507383e+07
4.742105263157894712e-01 2.421052631578947401e-01 2.421052631578947401e-01 3.566960620073629171e+07
4.742105263157894712e-01 2.678947368421052411e-01 2.163157894736842113e-01 3.619703722340094298e+07
4.742105263157894712e-01 2.678947368421052411e-01 2.421052631578947401e-01 3.437451840959912539e+07
4.742105263157894712e-01 2.678947368421052411e-01 2.678947368421052411e-01 3.324727780831731856e+07
4.742105263157894712e-01 2.936842105263157698e-01 1.905263157894736825e-01 3.724344572101654112e+07
4.742105263157894712e-01 2.936842105263157698e-01 2.163157894736842113e-01 3.487822408310276270e+07
4.742105263157894712e-01 2.936842105263157698e-01 2.421052631578947401e-01 3.326501960537957773e+07
4.742105263157894712e-01 2.936842105263157698e-01 2.678947368421052411e-01 3.225454956340365112e+07
4.742105263157894712e-01 2.936842105263157698e-01 2.936842105263157698e-01 3.134408730380327627e+07
4.742105263157894712e-01 3.194736842105262986e-01 1.647368421052631537e-01 3.861991028665298223e+07
4.742105263157894712e-01 3.194736842105262986e-01 1.905263157894736825e-01 3.616508685712884367e+07
4.742105263157894712e-01 3.194736842105262986e-01 2.163157894736842113e-01 3.402254874072240293e+07
4.742105263157894712e-01 3.194736842105262986e-01 2.421052631578947401e-01 3.253462156819077581e+07
4.742105263157894712e-01 3.194736842105262986e-01 2.678947368421052411e-01 3.159445036950327456e+07
4.742105263157894712e-01 3.194736842105262986e-01 2.936842105263157698e-01 3.073385044789610058e+07
4.742105263157894712e-01 3.194736842105262986e-01 3.194736842105262986e-01 3.015394794958505034e+07
4.742105263157894712e-01 3.452631578947368274e-01 1.389473684210526250e-01 4.275163800504782796e+07
4.742105263157894712e-01 3.452631578947368274e-01 1.647368421052631537e-01 3.755657683144795895e+07
4.742105263157894712e-01 3.452631578947368274e-01 1.905263157894736825e-01 3.534445344556892663e+07
4.742105263157894712e-01 3.452631578947368274e-01 2.163157894736842113e-01 3.335201607634194940e+07
4.742105263157894712e-01 3.452631578947368274e-01 2.421052631578947401e-01 3.194939342881474644e+07
4.742105263157894712e-01 3.452631578947368274e-01 2.678947368421052411e-01 3.105740384647523612e+07
4.742105263157894712e-01 3.452631578947368274e-01 2.936842105263157698e-01 3.023127010021708533e+07
4.742105263157894712e-01 3.452631578947368274e-01 3.194736842105262986e-01 2.967242083595624566e+07
4.742105263157894712e-01 3.452631578947368274e-01 3.452631578947368274e-01 2.920557936774896830e+07
4.742105263157894712e-01 3.710526315789473562e-01 1.131578947368420962e-01 4.636561216656389832e+07
4.742105263157894712e-01 3.710526315789473562e-01 1.389473684210526250e-01 4.156589612009449303e+07
4.742105263157894712e-01 3.710526315789473562e-01 1.647368421052631537e-01 3.678221648572862148e+07
4.742105263157894712e-01 3.710526315789473562e-01 1.905263157894736825e-01 3.472883370303499699e+07
4.742105263157894712e-01 3.710526315789473562e-01 2.163157894736842113e-01 3.283603580408703536e+07
4.742105263157894712e-01 3.710526315789473562e-01 2.421052631578947401e-01 3.149055834089493752e+07
4.742105263157894712e-01 3.710526315789473562e-01 2.678947368421052411e-01 3.063103243218568712e+07
4.742105263157894712e-01 3.710526315789473562e-01 2.936842105263157698e-01 2.982829783333703130e+07
4.742105263157894712e-01 3.710526315789473562e-01 3.194736842105262986e-01 2.928378916369725019e+07
4.742105263157894712e-01 3.710526315789473562e-01 3.452631578947368274e-01 2.882699049440020323e+07
4.742105263157894712e-01 3.710526315789473562e-01 3.710526315789473562e-01 2.845528607303478569e+07
4.742105263157894712e-01 3.968421052631578849e-01 8.736842105263156744e-02 5.603993099175289273e+07
4.742105263157894712e-01 3.968421052631578849e-01 1.131578947368420962e-01 4.508894344798704982e+07
4.742105263157894712e-01 3.968421052631578849e-01 1.389473684210526250e-01 4.075733266086758673e+07
4.742105263157894712e-01 3.968421052631578849e-01 1.647368421052631537e-01 3.623184745396906883e+07
4.742105263157894712e-01 3.968421052631578849e-01 1.905263157894736825e-01 3.427914340771047026e+07
4.742105263157894712e-01 3.968421052631578849e-01 2.163157894736842113e-01 3.245041333783640340e+07
4.742105263157894712e-01 3.968421052631578849e-01 2.421052631578947401e-01 3.114199138329078257e+07
4.742105263157894712e-01 3.968421052631578849e-01 2.678947368421052411e-01 3.030362926344677061e+07
4.742105263157894712e-01 3.968421052631578849e-01 2.936842105263157698e-01 2.951625427392997593e+07
4.742105263157894712e-01 3.968421052631578849e-01 3.194736842105262986e-01 2.898118451393909752e+07
4.742105263157894712e-01 3.968421052631578849e-01 3.452631578947368274e-01 2.853101375407104194e+07
4.742105263157894712e-01 3.968421052631578849e-01 3.710526315789473562e-01 2.816385466065647453e+07
4.742105263157894712e-01 3.968421052631578849e-01 3.968421052631578849e-01 2.787541544064522907e+07
4.742105263157894712e-01 4.226315789473684137e-01 6.157894736842105254e-02 7.027499782814048231e+07
4.742105263157894712e-01 4.226315789473684137e-01 8.736842105263156744e-02 5.425318392696325481e+07
4.742105263157894712e-01 4.226315789473684137e-01 1.131578947368420962e-01 4.423132225922232866e+07
4.742105263157894712e-01 4.226315789473684137e-01 1.389473684210526250e-01 4.018290368350835145e+07
4.742105263157894712e-01 4.226315789473684137e-01 1.647368421052631537e-01 3.581830359052753448e+07
4.742105263157894712e-01 4.226315789473684137e-01 1.905263157894736825e-01 3.392899147275185585e+07
4.742105263157894712e-01 4.226315789473684137e-01 2.163157894736842113e-01 3.214129474104312062e+07
4.742105263157894712e-01 4.226315789473684137e-01 2.421052631578947401e-01 3.085686470261170715e+07
4.742105263157894712e-01 4.226315789473684137e-01 2.678947368421052411e-01 3.003229960498215258e+07
4.742105263157894712e-01 4.226315789473684137e-01 2.936842105263157698e-01 2.925503889840525389e+07
4.742105263157894712e-01 4.226315789473684137e-01 3.194736842105262986e-01 2.872620524476945400e+07
4.742105263157894712e-01 4.226315789473684137e-01 3.452631578947368274e-01 2.828042848713731021e+07
4.742105263157894712e-01 4.226315789473684137e-01 3.710526315789473562e-01 2.791628063562009111e+07
4.742105263157894712e-01 4.226315789473684137e-01 3.968421052631578849e-01 2.762980956578314304e+07
4.742105263157894712e-01 4.226315789473684137e-01 4.226315789473684137e-01 2.738547746764639392e+07
4.742105263157894712e-01 4.484210526315789425e-01 3.578947368421052377e-02 9.473665774361741543e+07
4.742105263157894712e-01 4.484210526315789425e-01 6.157894736842105254e-02 6.768193961132541299e+07
4.742105263157894712e-01 4.484210526315789425e-01 8.736842105263156744e-02 5.324647373872143775e+07
4.742105263157894712e-01 4.484210526315789425e-01 1.131578947368420962e-01 4.369970912592240423e+07
4.742105263157894712e-01 4.484210526315789425e-01 1.389473684210526250e-01 3.979988191877689958e+07
4.742105263157894712e-01 4.484210526315789425e-01 1.647368421052631537e-01 3.552266740385324508e+07
4.742105263157894712e-01 4.484210526315789425e-01 1.905263157894736825e-01 3.366818553291449696e+07
4.742105263157894712e-01 4.484210526315789425e-01 2.163157894736842113e-01 3.190358711072745547e+07
4.742105263157894712e-01 4.484210526315789425e-01 2.421052631578947401e-01 3.063287777860991657e+07
4.742105263157894712e-01 4.484210526315789425e-01 2.678947368421052411e-01 2.981628341071794927e+07
4.742105263157894712e-01 4.484210526315789425e-01 2.936842105263157698e-01 2.904495243471058086e+07
4.742105263157894712e-01 4.484210526315789425e-01 3.194736842105262986e-01 2.851978984280947596e+07
4.742105263157894712e-01 4.484210526315789425e-01 3.452631578947368274e-01 2.807660698567751050e+07
4.742105263157894712e-01 4.484210526315789425e-01 3.710526315789473562e-01 2.771422670251235366e+07
4.742105263157894712e-01 4.484210526315789425e-01 3.968421052631578849e-01 2.742888845623655617e+07
4.742105263157894712e-01 4.484210526315789425e-01 4.226315789473684137e-01 2.718525763322271034e+07
4.742105263157894712e-01 4.484210526315789425e-01 4.484210526315789425e-01 2.698537739859113842e+07
4.742105263157894712e-01 4.742105263157894712e-01 1.000000000000000021e-02 1.114793131510926038e+08
4.742105263157894712e-01 4.742105263157894712e-01 3.578947368421052377e-02 9.123940405929082632e+07
4.742105263157894712e-01 4.742105263157894712e-01 6.157894736842105254e-02 6.675862725994428992e+07
4.742105263157894712e-01 4.742105263157894712e-01 8.736842105263156744e-02 5.280087632525482774e+07
4.742105263157894712e-01 4.742105263157894712e-01 1.131578947368420962e-01 4.340895895188552141e+07
4.742105263157894712e-01 4.742105263157894712e-01 1.389473684210526250e-01 3.955957857731732726e+07
4.742105263157894712e-01 4.742105263157894712e-01 1.647368421052631537e-01 3.531493307429508865e+07
4.742105263157894712e-01 4.742105263157894712e-01 1.905263157894736825e-01 3.347379716468038410e+07
4.742105263157894712e-01 4.742105263157894712e-01 2.163157894736842113e-01 3.171872051092626527e+07
4.742105263157894712e-01 4.742105263157894712e-01 2.421052631578947401e-01 3.045393344183095917e+07
4.742105263157894712e-01 4.742105263157894712e-01 2.678947368421052411e-01 2.964087915847385302e+07
4.742105263157894712e-01 4.742105263157894712e-01 2.936842105263157698e-01 2.887229259356998652e+07
4.742105263157894712e-01 4.742105263157894712e-01 3.194736842105262986e-01 2.834884654025425762e+07
4.742105263157894712e-01 4.742105263157894712e-01 3.452631578947368274e-01 2.790688365804998949e+07
4.742105263157894712e-01 4.742105263157894712e-01 3.710526315789473562e-01 2.754531872015038133e+07
4.742105263157894712e-01 4.742105263157894712e-01 3.968421052631578849e-01 2.726047006356223673e+07
4.742105263157894712e-01 4.742105263157894712e-01 4.226315789473684137e-01 2.701709490761280432e+07
4.742105263157894712e-01 4.742105263157894712e-01 4.484210526315789425e-01 2.681726675759572536e+07
4.742105263157894712e-01 4.742105263157894712e-01 4.742105263157894712e-01 2.664903833849254996e+07
5.000000000000000000e-01 2.678947368421052411e-01 2.421052631578947401e-01 3.449200233749157190e+07
5.000000000000000000e-01 2.678947368421052411e-01 2.678947368421052411e-01 3.328170921727153659e+07
5.000000000000000000e-01 2.936842105263157698e-01 2.163157894736842113e-01 3.501090563882828504e+07
5.000000000000000000e-01 2.936842105263157698e-01 2.421052631578947401e-01 3.329723365058451891e+07
5.000000000000000000e-01 2.936842105263157698e-01 2.678947368421052411e-01 3.223160210908030346e+07
5.000000000000000000e-01 2.936842105263157698e-01 2.936842105263157698e-01 3.128274097006645054e+07
5.000000000000000000e-01 3.194736842105262986e-01 1.905263157894736825e-01 3.634237323728865385e+07
5.000000000000000000e-01 3.194736842105262986e-01 2.163157894736842113e-01 3.407268518655076623e+07
5.000000000000000000e-01 3.194736842105262986e-01 2.421052631578947401e-01 3.251510153505708277e+07
5.000000000000000000e-01 3.194736842105262986e-01 2.678947368421052411e-01 3.153646360918916017e+07
5.000000000000000000e-01 3.194736842105262986e-01 2.936842105263157698e-01 3.064893905117637292e+07
5.000000000000000000e-01 3.194736842105262986e-01 3.194736842105262986e-01 3.005245165936610475e+07
5.000000000000000000e-01 3.452631578947368274e-01 1.647368421052631537e-01 3.778470703330120444e+07
5.000000000000000000e-01 3.452631578947368274e-01 1.905263157894736825e-01 3.542441921488249302e+07
5.000000000000000000e-01 3.452631578947368274e-01 2.163157894736842113e-01 3.334425253055435419e+07
5.000000000000000000e-01 3.452631578947368274e-01 2.421052631578947401e-01 3.189325514499779791e+07
5.000000000000000000e-01 3.452631578947368274e-01 2.678947368421052411e-01 3.097444206121894345e+07
5.000000000000000000e-01 3.452631578947368274e-01 2.936842105263157698e-01 3.012947457636545599e+07
5.000000000000000000e-01 3.452631578947368274e-01 3.194736842105262986e-01 2.955899590302371979e+07
5.000000000000000000e-01 3.452631578947368274e-01 3.452631578947368274e-01 2.908376849894846603e+07
5.000000000000000000e-01 3.710526315789473562e-01 1.389473684210526250e-01 4.194435885898457468e+07
5.000000000000000000e-01 3.710526315789473562e-01 1.647368421052631537e-01 3.689386698955895007e+07
5.000000000000000000e-01 3.710526315789473562e-01 1.905263157894736825e-01 3.473964701303876191e+07
5.000000000000000000e-01 3.710526315789473562e-01 2.163157894736842113e-01 3.278667548939282820e+07
5.000000000000000000e-01 3.710526315789473562e-01 2.421052631578947401e-01 3.140789427538244426e+07
5.000000000000000000e-01 3.710526315789473562e-01 2.678947368421052411e-01 3.052986417952652648e+07
5.000000000000000000e-01 3.710526315789473562e-01 2.936842105263157698e-01 2.971413394818087667e+07
5.000000000000000000e-01 3.710526315789473562e-01 3.194736842105262986e-01 2.916159177773234248e+07
5.000000000000000000e-01 3.710526315789473562e-01 3.452631578947368274e-01 2.869899212568151206e+07
5.000000000000000000e-01 3.710526315789473562e-01 3.710526315789473562e-01 2.832299367887703329e+07
5.000000000000000000e-01 3.968421052631578849e-01 1.131578947368420962e-01 4.563546947610139102e+07
5.000000000000000000e-01 3.968421052631578849e-01 1.389473684210526250e-01 4.096244590231434256e+07
5.000000000000000000e-01 3.968421052631578849e-01 1.647368421052631537e-01 3.625977267247154564e+07
5.000000000000000000e-01 3.968421052631578849e-01 1.905263157894736825e-01 3.423954611817578226e+07
5.000000000000000000e-01 3.968421052631578849e-01 2.163157894736842113e-01 3.237042192810846120e+07
5.000000000000000000e-01 3.968421052631578849e-01 2.421052631578947401e-01 3.103964735706436262e+07
5.000000000000000000e-01 3.968421052631578849e-01 2.678947368421052411e-01 3.018887504588342458e+07
5.000000000000000000e-01 3.968421052631578849e-01 2.936842105263157698e-01 2.939281762165139988e+07
5.000000000000000000e-01 3.968421052631578849e-01 3.194736842105262986e-01 2.885238271527843177e+07
5.000000000000000000e-01 3.968421052631578849e-01 3.452631578947368274e-01 2.839833688230427727e+07
5.000000000000000000e-01 3.968421052631578849e-01 3.710526315789473562e-01 2.802829761486104503e+07
5.000000000000000000e-01 3.968421052631578849e-01 3.968421052631578849e-01 2.773764975754652172e+07
5.000000000000000000e-01 4.226315789473684137e-01 8.736842105263156744e-02 5.524201889132477343e+07
5.000000000000000000e-01 4.226315789473684137e-01 1.131578947368420962e-01 4.451286675831440836e+07
5.000000000000000000e-01 4.226315789473684137e-01 1.389473684210526250e-01 4.025488693713656068e+07
5.000000000000000000e-01 4.226315789473684137e-01 1.647368421052631537e-01 3.578062142751064152e+07
5.000000000000000000e-01 4.226315789473684137e-01 1.905263157894736825e-01 3.384935513747882843e+07
5.000000000000000000e-01 4.226315789473684137e-01 2.163157894736842113e-01 3.203674225314307213e+07
5.000000000000000000e-01 4.226315789473684137e-01 2.421052631578947401e-01 3.073862964700582251e+07
5.000000000000000000e-01 4.226315789473684137e-01 2.678947368421052411e-01 2.990651492356728017e+07
5.000000000000000000e-01 4.226315789473684137e-01 2.936842105263157698e-01 2.912403762046682835e+07
5.000000000000000000e-01 4.226315789473684137e-01 3.194736842105262986e-01 2.859199054134466499e+07
5.000000000000000000e-01 4.226315789473684137e-01 3.452631578947368274e-01 2.814389620608098060e+07
5.000000000000000000e-01 4.226315789473684137e-01 3.710526315789473562e-01 2.777801272766678035e+07
5.000000000000000000e-01 4.226315789473684137e-01 3.968421052631578849e-01 2.749018704498156160e+07
5.000000000000000000e-01 4.226315789473684137e-01 4.226315789473684137e-01 2.724468713550779223e+07
5.000000000000000000e-01 4.484210526315789425e-01 6.157894736842105254e-02 6.943444398403209448e+07
5.000000000000000000e-01 4.484210526315789425e-01 8.736842105263156744e-02 5.369081746248418093e+07
5.000000000000000000e-01 4.484210526315789425e-01 1.131578947368420962e-01 4.377602303125231713e+07
5.000000000000000000e-01 4.484210526315789425e-01 1.389473684210526250e-01 3.976586201424707472e+07
5.000000000000000000e-01 4.484210526315789425e-01 1.647368421052631537e-01 3.543186066090787947e+07
5.000000000000000000e-01 4.484210526315789425e-01 1.905263157894736825e-01 3.355577378412349522e+07
5.000000000000000000e-01 4.484210526315789425e-01 2.163157894736842113e-01 3.177877801405890286e+07
5.000000000000000000e-01 4.484210526315789425e-01 2.421052631578947401e-01 3.050146369501286000e+07
5.000000000000000000e-01 4.484210526315789425e-01 2.678947368421052411e-01 2.968130957720307261e+07
5.000000000000000000e-01 4.484210526315789425e-01 2.936842105263157698e-01 2.890762190207168087e+07
5.000000000000000000e-01 4.484210526315789425e-01 3.194736842105262986e-01 2.838102466341958940e+07
5.000000000000000000e-01 4.484210526315789425e-01 3.452631578947368274e-01 2.793681305330026895e+07
5.000000000000000000e-01 4.484210526315789425e-01 3.710526315789473562e-01 2.757364338317212462e+07
5.000000000000000000e-01 4.484210526315789425e-01 3.968421052631578849e-01 2.728765439527825266e+07
5.000000000000000000e-01 4.484210526315789425e-01 4.226315789473684137e-01 2.704342105651368946e+07
5.000000000000000000e-01 4.484210526315789425e-01 4.484210526315789425e-01 2.684295513302322850e+07
5.000000000000000000e-01 4.742105263157894712e-01 3.578947368421052377e-02 9.382822670807787776e+07
5.000000000000000000e-01 4.742105263157894712e-01 6.157894736842105254e-02 6.713397762236812711e+07
5.000000000000000000e-01 4.742105263157894712e-01 8.736842105263156744e-02 5.280506683588159084e+07
5.000000000000000000e-01 4.742105263157894712e-01 1.131578947368420962e-01 4.331298541531471908e+07
5.000000000000000000e-01 4.742105263157894712e-01 1.389473684210526250e-01 3.943480436732695997e+07
5.000000000000000000e-01 4.742105263157894712e-01 1.647368421052631537e-01 3.517812325767323375e+07
5.000000000000000000e-01 4.742105263157894712e-01 1.905263157894736825e-01 3.333280174095127732e+07
5.000000000000000000e-01 4.742105263157894712e-01 2.163157894736842113e-01 3.157615973262963444e+07
5.000000000000000000e-01 4.742105263157894712e-01 2.421052631578947401e-01 3.031092730306836218e+07
5.000000000000000000e-01 4.742105263157894712e-01 2.678947368421052411e-01 2.949779680790834874e+07
5.000000000000000000e-01 4.742105263157894712e-01 2.936842105263157698e-01 2.872935685352747142e+07
5.000000000000000000e-01 4.742105263157894712e-01 3.194736842105262986e-01 2.820603338502499461e+07
5.000000000000000000e-01 4.742105263157894712e-01 3.452631578947368274e-01 2.776416911001743376e+07
5.000000000000000000e-01 4.742105263157894712e-01 3.710526315789473562e-01 2.740264036139781773e+07
5.000000000000000000e-01 4.742105263157894712e-01 3.968421052631578849e-01 2.711775222789699584e+07
5.000000000000000000e-01 4.742105263157894712e-01 4.226315789473684137e-01 2.687426245732071996e+07
5.000000000000000000e-01 4.742105263157894712e-01 4.484210526315789425e-01 2.667424270278672874e+07
5.000000000000000000e-01 4.742105263157894712e-01 4.742105263157894712e-01 2.650574622545164451e+07
5.000000000000000000e-01 5.000000000000000000e-01 1.000000000000000021e-02 1.108528065228905380e+08
5.000000000000000000e-01 5.000000000000000000e-01 3.578947368421052377e-02 9.069569258750742674e+07
5.000000000000000000e-01 5.000000000000000000e-01 6.157894736842105254e-02 6.631468931798870862e+07
5.000000000000000000e-01 5.000000000000000000e-01 8.736842105263156744e-02 5.241396160463465005e+07
5.000000000000000000e-01 5.000000000000000000e-01 1.131578947368420962e-01 4.306010191375680268e+07
5.000000000000000000e-01 5.000000000000000000e-01 1.389473684210526250e-01 3.922681872444324195e+07
5.000000000000000000e-01 5.000000000000000000e-01 1.647368421052631537e-01 3.499898060468573123e+07
5.000000000000000000e-01 5.000000000000000000e-01 1.905263157894736825e-01 3.316544886994088441e+07
5.000000000000000000e-01 5.000000000000000000e-01 2.163157894736842113e-01 3.141720631525267661e+07
5.000000000000000000e-01 5.000000000000000000e-01 2.421052631578947401e-01 3.015720247645402700e+07
5.000000000000000000e-01 5.000000000000000000e-01 2.678947368421052411e-01 2.934720559622816741e+07
5.000000000000000000e-01 5.000000000000000000e-01 2.936842105263157698e-01 2.858121747662463784e+07
5.000000000000000000e-01 5.000000000000000000e-01 3.194736842105262986e-01 2.805944822005823255e+07
5.000000000000000000e-01 5.000000000000000000e-01 3.452631578947368274e-01 2.761871615393747389e+07
5.000000000000000000e-01 5.000000000000000000e-01 3.710526315789473562e-01 2.725797737672851980e+07
5.000000000000000000e-01 5.000000000000000000e-01 3.968421052631578849e-01 2.697360451694281772e+07
5.000000000000000000e-01 5.000000000000000000e-01 4.226315789473684137e-01 2.673043958910307288e+07
5.000000000000000000e-01 5.000000000000000000e-01 4.484210526315789425e-01 2.653057965561147779e+07
5.000000000000000000e-01 5.000000000000000000e-01 4.742105263157894712e-01 2.636210923324921727e+07
5.000000000000000000e-01 5.000000000000000000e-01 5.000000000000000000e-01 2.621838311906611174e+07
