1.000000000000000021e-02 1.000000000000000021e-02 1.000000000000000021e-02 1.059610672871130705e+09
3.578947368421052377e-02 3.578947368421052377e-02 1.000000000000000021e-02 9.264331378791941404e+08
3.578947368421052377e-02 3.578947368421052377e-02 3.578947368421052377e-02 8.351650531646982431e+08
6.157894736842105254e-02 3.578947368421052377e-02 3.578947368421052377e-02 8.120652130233787298e+08
6.157894736842105254e-02 6.157894736842105254e-02 1.000000000000000021e-02 7.532659826805034876e+08
6.157894736842105254e-02 6.157894736842105254e-02 3.578947368421052377e-02 6.734436873520193100e+08
6.157894736842105254e-02 6.157894736842105254e-02 6.157894736842105254e-02 5.853229928246599436e+08
8.736842105263156744e-02 6.157894736842105254e-02 3.578947368421052377e-02 6.711262920274605751e+08
8.736842105263156744e-02 6.157894736842105254e-02 6.157894736842105254e-02 5.496031633797744513e+08
8.736842105263156744e-02 8.736842105263156744e-02 1.000000000000000021e-02 6.521477953887505531e+08
8.736842105263156744e-02 8.736842105263156744e-02 3.578947368421052377e-02 5.818353240095902681e+08
8.736842105263156744e-02 8.736842105263156744e-02 6.157894736842105254e-02 4.986660805583577156e+08
8.736842105263156744e-02 8.736842105263156744e-02 8.736842105263156744e-02 4.535201343715295792e+08
1.131578947368420962e-01 6.157894736842105254e-02 6.157894736842105254e-02 5.531806456031074524e+08
1.131578947368420962e-01 8.736842105263156744e-02 3.578947368421052377e-02 5.833191088310017586e+08
1.131578947368420962e-01 8.736842105263156744e-02 6.157894736842105254e-02 4.771464881647806764e+08
1.131578947368420962e-01 8.736842105263156744e-02 8.736842105263156744e-02 4.273141376781966686e+08
1.131578947368420962e-01 1.131578947368420962e-01 1.000000000000000021e-02 5.829831877723433971e+08
1.131578947368420962e-01 1.131578947368420962e-01 3.578947368421052377e-02 5.185513592123648524e+08
1.131578947368420962e-01 1.131578947368420962e-01 6.157894736842105254e-02 4.411432004421330690e+08
1.131578947368420962e-01 1.131578947368420962e-01 8.736842105263156744e-02 3.974479907356542945e+08
1.131578947368420962e-01 1.131578947368420962e-01 1.131578947368420962e-01 3.689857061795029044e+08
1.389473684210526250e-01 8.736842105263156744e-02 6.157894736842105254e-02 4.855215375451713800e+08
1.389473684210526250e-01 8.736842105263156744e-02 8.736842105263156744e-02 4.224316530000275970e+08
1.389473684210526250e-01 1.131578947368420962e-01 3.578947368421052377e-02 5.242800368385282755e+08
1.389473684210526250e-01 1.131578947368420962e-01 6.157894736842105254e-02 4.336074482598127127e+08
1.389473684210526250e-01 1.131578947368420962e-01 8.736842105263156744e-02 3.877154733785992861e+08
1.389473684210526250e-01 1.131578947368420962e-01 1.131578947368420962e-01 3.583536368515411019e+08
1.389473684210526250e-01 1.389473684210526250e-01 1.000000000000000021e-02 5.548002289158496857e+08
1.389473684210526250e-01 1.389473684210526250e-01 3.578947368421052377e-02 4.927248075354393721e+08
1.389473684210526250e-01 1.389473684210526250e-01 6.157894736842105254e-02 4.178519528310906887e+08
1.389473684210526250e-01 1.389473684210526250e-01 8.736842105263156744e-02 3.752963554773695469e+08
1.389473684210526250e-01 1.389473684210526250e-01 1.131578947368420962e-01 3.470001668702561855e+08
1.389473684210526250e-01 1.389473684210526250e-01 1.389473684210526250e-01 3.357840081820886135e+08
1.647368421052631537e-01 8.736842105263156744e-02 8.736842105263156744e-02 4.231127974613294005e+08
1.647368421052631537e-01 1.131578947368420962e-01 6.157894736842105254e-02 4.347520971684833765e+08
1.647368421052631537e-01 1.131578947368420962e-01 8.736842105263156744e-02 3.799604338406609893e+08
1.647368421052631537e-01 1.131578947368420962e-01 1.131578947368420962e-01 3.478242937458320856e+08
1.647368421052631537e-01 1.389473684210526250e-01 3.578947368421052377e-02 4.978765694629881382e+08
1.647368421052631537e-01 1.389473684210526250e-01 6.157894736842105254e-02 4.088976187530705929e+08
1.647368421052631537e-01 1.389473684210526250e-01 8.736842105263156744e-02 3.642025541132372022e+08
1.647368421052631537e-01 1.389473684210526250e-01 1.131578947368420962e-01 3.353202387482894659e+08
1.647368421052631537e-01 1.389473684210526250e-01 1.389473684210526250e-01 3.237935487957851887e+08
1.647368421052631537e-01 1.647368421052631537e-01 1.000000000000000021e-02 5.229687570247854590e+08
1.647368421052631537e-01 1.647368421052631537e-01 3.578947368421052377e-02 4.633101419084264040e+08
1.647368421052631537e-01 1.647368421052631537e-01 6.157894736842105254e-02 3.912068770755744576e+08
1.647368421052631537e-01 1.647368421052631537e-01 8.736842105263156744e-02 3.501102536166819930e+08
1.647368421052631537e-01 1.647368421052631537e-01 1.131578947368420962e-01 3.225376771240283847e+08
1.647368421052631537e-01 1.647368421052631537e-01 1.389473684210526250e-01 3.114033477519005537e+08
1.647368421052631537e-01 1.647368421052631537e-01 1.647368421052631537e-01 2.991624414499186873e+08
1.905263157894736825e-01 1.131578947368420962e-01 8.736842105263156744e-02 3.824400187981110811e+08
1.905263157894736825e-01 1.131578947368420962e-01 1.131578947368420962e-01 3.456142508571676016e+08
1.905263157894736825e-01 1.389473684210526250e-01 6.157894736842105254e-02 4.141008947859390974e+08
1.905263157894736825e-01 1.389473684210526250e-01 8.736842105263156744e-02 3.625075309853685498e+08
1.905263157894736825e-01 1.389473684210526250e-01 1.131578947368420962e-01 3.315732909585944414e+08
1.905263157894736825e-01 1.389473684210526250e-01 1.389473684210526250e-01 3.193589718014180064e+08
1.905263157894736825e-01 1.647368421052631537e-01 3.578947368421052377e-02 4.683023959760478735e+08
1.905263157894736825e-01 1.647368421052631537e-01 6.157894736842105254e-02 3.879857285674335957e+08
1.905263157894736825e-01 1.647368421052631537e-01 8.736842105263156744e-02 3.456105436453863382e+08
1.905263157894736825e-01 1.647368421052631537e-01 1.131578947368420962e-01 3.177123292759339809e+08
1.905263157894736825e-01 1.647368421052631537e-01 1.389473684210526250e-01 3.064674491675075293e+08
1.905263157894736825e-01 1.647368421052631537e-01 1.647368421052631537e-01 2.941221430290150642e+08
1.905263157894736825e-01 1.905263157894736825e-01 1.000000000000000021e-02 5.094187770409690738e+08
1.905263157894736825e-01 1.905263157894736825e-01 3.578947368421052377e-02 4.507849539725196362e+08
1.905263157894736825e-01 1.905263157894736825e-01 6.157894736842105254e-02 3.798710154546015263e+08
1.905263157894736825e-01 1.905263157894736825e-01 8.736842105263156744e-02 3.394273033006758690e+08
1.905263157894736825e-01 1.905263157894736825e-01 1.131578947368420962e-01 3.122207479996343851e+08
1.905263157894736825e-01 1.905263157894736825e-01 1.389473684210526250e-01 3.012018147283101082e+08
1.905263157894736825e-01 1.905263157894736825e-01 1.647368421052631537e-01 2.889770662512547970e+08
1.905263157894736825e-01 1.905263157894736825e-01 1.905263157894736825e-01 2.838426045972042680e+08
2.163157894736842113e-01 1.131578947368420962e-01 1.131578947368420962e-01 3.454537337975347638e+08
2.163157894736842113e-01 1.389473684210526250e-01 8.736842105263156744e-02 3.636968928111819029e+08
2.163157894736842113e-01 1.389473684210526250e-01 1.131578947368420962e-01 3.290506882032337785e+08
2.163157894736842113e-01 1.389473684210526250e-01 1.389473684210526250e-01 3.156770092175830603e+08
2.163157894736842113e-01 1.647368421052631537e-01 6.157894736842105254e-02 3.903139190373524427e+08
2.163157894736842113e-01 1.647368421052631537e-01 8.736842105263156744e-02 3.430296546292737722e+08
2.163157894736842113e-01 1.647368421052631537e-01 1.131578947368420962e-01 3.137380346559471488e+08
2.163157894736842113e-01 1.647368421052631537e-01 1.389473684210526250e-01 3.020582131434854865e+08
2.163157894736842113e-01 1.647368421052631537e-01 1.647368421052631537e-01 2.894407898839198947e+08
2.163157894736842113e-01 1.905263157894736825e-01 3.578947368421052377e-02 4.557046765447676182e+08
2.163157894736842113e-01 1.905263157894736825e-01 6.157894736842105254e-02 3.767085093789383173e+08
2.163157894736842113e-01 1.905263157894736825e-01 8.736842105263156744e-02 3.350186569800109267e+08
2.163157894736842113e-01 1.905263157894736825e-01 1.131578947368420962e-01 3.075197400035771728e+08
2.163157894736842113e-01 1.905263157894736825e-01 1.389473684210526250e-01 2.964182413300758004e+08
2.163157894736842113e-01 1.905263157894736825e-01 1.647368421052631537e-01 2.841454033627317548e+08
2.163157894736842113e-01 1.905263157894736825e-01 1.905263157894736825e-01 2.789669101385456920e+08
2.163157894736842113e-01 2.163157894736842113e-01 1.000000000000000021e-02 4.962460409713400006e+08
2.163157894736842113e-01 2.163157894736842113e-01 3.578947368421052377e-02 4.385704848904998302e+08
2.163157894736842113e-01 2.163157894736842113e-01 6.157894736842105254e-02 3.687869650593678951e+08
2.163157894736842113e-01 2.163157894736842113e-01 8.736842105263156744e-02 3.289770464641140103e+08
2.163157894736842113e-01 2.163157894736842113e-01 1.131578947368420962e-01 3.021581108152599335e+08
2.163157894736842113e-01 2.163157894736842113e-01 1.389473684210526250e-01 2.912870513829374313e+08
2.163157894736842113e-01 2.163157894736842113e-01 1.647368421052631537e-01 2.791630430813395977e+08
2.163157894736842113e-01 2.163157894736842113e-01 1.905263157894736825e-01 2.740306287381572723e+08
2.163157894736842113e-01 2.163157894736842113e-01 2.163157894736842113e-01 2.691067389373906851e+08
2.421052631578947401e-01 1.389473684210526250e-01 1.131578947368420962e-01 3.291270919887529612e+08
2.421052631578947401e-01 1.389473684210526250e-01 1.389473684210526250e-01 3.140243409297403693e+08
2.421052631578947401e-01 1.647368421052631537e-01 8.736842105263156744e-02 3.436843548067708611e+08
2.421052631578947401e-01 1.647368421052631537e-01 1.131578947368420962e-01 3.118532912762752175e+08
2.421052631578947401e-01 1.647368421052631537e-01 1.389473684210526250e-01 2.994044468767824769e+08
2.421052631578947401e-01 1.647368421052631537e-01 1.647368421052631537e-01 2.863388661668902636e+08
2.421052631578947401e-01 1.905263157894736825e-01 6.157894736842105254e-02 3.794736554052579403e+08
2.421052631578947401e-01 1.905263157894736825e-01 8.736842105263156744e-02 3.334993771893092394e+08
2.421052631578947401e-01 1.905263157894736825e-01 1.131578947368420962e-01 3.047925430749726295e+08
2.421052631578947401e-01 1.905263157894736825e-01 1.389473684210526250e-01 2.933250191599322557e+08
2.421052631578947401e-01 1.905263157894736825e-01 1.647368421052631537e-01 2.808433718323103786e+08
2.421052631578947401e-01 1.905263157894736825e-01 1.905263157894736825e-01 2.755684338984678984e+08
2.421052631578947401e-01 2.163157894736842113e-01 3.578947368421052377e-02 4.429935327192759514e+08
2.421052631578947401e-01 2.163157894736842113e-01 6.157894736842105254e-02 3.666693279036824107e+08
2.421052631578947401e-01 2.163157894736842113e-01 8.736842105263156744e-02 3.258398958893823624e+08
2.421052631578947401e-01 2.163157894736842113e-01 1.131578947368420962e-01 2.987820888687424660e+08
2.421052631578947401e-01 2.163157894736842113e-01 1.389473684210526250e-01 2.878487554233719110e+08
2.421052631578947401e-01 2.163157894736842113e-01 1.647368421052631537e-01 2.757002181315460205e+08
2.421052631578947401e-01 2.163157894736842113e-01 1.905263157894736825e-01 2.705510003286213279e+08
2.421052631578947401e-01 2.163157894736842113e-01 2.163157894736842113e-01 2.656064098008114100e+08
2.421052631578947401e-01 2.421052631578947401e-01 1.000000000000000021e-02 4.867282766161067486e+08
2.421052631578947401e-01 2.421052631578947401e-01 3.578947368421052377e-02 4.297342512851169109e+08
2.421052631578947401e-01 2.421052631578947401e-01 6.157894736842105254e-02 3.607603717723218799e+08
2.421052631578947401e-01 2.421052631578947401e-01 8.736842105263156744e-02 3.214088750460025072e+08
2.421052631578947401e-01 2.421052631578947401e-01 1.131578947368420962e-01 2.948800773522533178e+08
2.421052631578947401e-01 2.421052631578947401e-01 1.389473684210526250e-01 2.841272609459364414e+08
2.421052631578947401e-01 2.421052631578947401e-01 1.647368421052631537e-01 2.721011754096334577e+08
2.421052631578947401e-01 2.421052631578947401e-01 1.905263157894736825e-01 2.669973144271518886e+08
2.421052631578947401e-01 2.421052631578947401e-01 2.163157894736842113e-01 2.620778251693872213e+08
2.421052631578947401e-01 2.421052631578947401e-01 2.421052631578947401e-01 2.585539933787773848e+08
2.678947368421052411e-01 1.389473684210526250e-01 1.389473684210526250e-01 3.144051782290438414e+08
2.678947368421052411e-01 1.647368421052631537e-01 1.131578947368420962e-01 3.120142956524056196e+08
2.678947368421052411e-01 1.647368421052631537e-01 1.389473684210526250e-01 2.984340518832980394e+08
2.678947368421052411e-01 1.647368421052631537e-01 1.647368421052631537e-01 2.847352085430756807e+08
2.678947368421052411e-01 1.905263157894736825e-01 8.736842105263156744e-02 3.346685881704487205e+08
2.678947368421052411e-01 1.905263157894736825e-01 1.131578947368420962e-01 3.038978074101210833e+08
2.678947368421052411e-01 1.905263157894736825e-01 1.389473684210526250e-01 2.918122535543355942e+08
2.678947368421052411e-01 1.905263157894736825e-01 1.647368421052631537e-01 2.789820139670596123e+08
2.678947368421052411e-01 1.905263157894736825e-01 1.905263157894736825e-01 2.735637550617873073e+08
2.678947368421052411e-01 2.163157894736842113e-01 6.157894736842105254e-02 3.692619862428264022e+08
2.678947368421052411e-01 2.163157894736842113e-01 8.736842105263156744e-02 3.251501169719786048e+08
2.678947368421052411e-01 2.163157894736842113e-01 1.131578947368420962e-01 2.971667849878679514e+08
2.678947368421052411e-01 2.163157894736842113e-01 1.389473684210526250e-01 2.859562186324324608e+08
2.678947368421052411e-01 2.163157894736842113e-01 1.647368421052631537e-01 2.736554807658706307e+08
2.678947368421052411e-01 2.163157894736842113e-01 1.905263157894736825e-01 2.684430370585791469e+08
2.678947368421052411e-01 2.163157894736842113e-01 2.163157894736842113e-01 2.634518323476122022e+08
2.678947368421052411e-01 2.421052631578947401e-01 3.578947368421052377e-02 4.334602703503596783e+08
2.678947368421052411e-01 2.421052631578947401e-01 6.157894736842105254e-02 3.596121511648443937e+08
2.678947368421052411e-01 2.421052631578947401e-01 8.736842105263156744e-02 3.194870484813523293e+08
2.678947368421052411e-01 2.421052631578947401e-01 1.131578947368420962e-01 2.927710155912666321e+08
2.678947368421052411e-01 2.421052631578947401e-01 1.389473684210526250e-01 2.819695301828163862e+08
2.678947368421052411e-01 2.421052631578947401e-01 1.647368421052631537e-01 2.699260611858743429e+08
2.678947368421052411e-01 2.421052631578947401e-01 1.905263157894736825e-01 2.648140944802715182e+08
2.678947368421052411e-01 2.421052631578947401e-01 2.163157894736842113e-01 2.598868943394665718e+08
2.678947368421052411e-01 2.421052631578947401e-01 2.421052631578947401e-01 2.563529725423707068e+08
2.678947368421052411e-01 2.678947368421052411e-01 1.000000000000000021e-02 4.807131891594249606e+08
2.678947368421052411e-01 2.678947368421052411e-01 3.578947368421052377e-02 4.241468898193070889e+08
2.678947368421052411e-01 2.678947368421052411e-01 6.157894736842105254e-02 3.556827857180913091e+08
2.678947368421052411e-01 2.678947368421052411e-01 8.736842105263156744e-02 3.166213425174539089e+08
2.678947368421052411e-01 2.678947368421052411e-01 1.131578947368420962e-01 2.902789664227021933e+08
2.678947368421052411e-01 2.678947368421052411e-01 1.389473684210526250e-01 2.796044107236475348e+08
2.678947368421052411e-01 2.678947368421052411e-01 1.647368421052631537e-01 2.676475008638191819e+08
2.678947368421052411e-01 2.678947368421052411e-01 1.905263157894736825e-01 2.625695153041745126e+08
2.678947368421052411e-01 2.678947368421052411e-01 2.163157894736842113e-01 2.576638519785064161e+08
2.678947368421052411e-01 2.678947368421052411e-01 2.421052631578947401e-01 2.541389787407459617e+08
2.678947368421052411e-01 2.678947368421052411e-01 2.678947368421052411e-01 2.519252816653683782e+08
2.936842105263157698e-01 1.647368421052631537e-01 1.389473684210526250e-01 2.980512475756989121e+08
2.936842105263157698e-01 1.647368421052631537e-01 1.647368421052631537e-01 2.834615035538453460e+08
2.936842105263157698e-01 1.905263157894736825e-01 1.131578947368420962e-01 3.037360028077592850e+08
2.936842105263157698e-01 1.905263157894736825e-01 1.389473684210526250e-01 2.907054846905220151e+08
2.936842105263157698e-01 1.905263157894736825e-01 1.647368421052631537e-01 2.773590553742989898e+08
2.936842105263157698e-01 1.905263157894736825e-01 1.905263157894736825e-01 2.717363811411687732e+08
2.936842105263157698e-01 2.163157894736842113e-01 8.736842105263156744e-02 3.257579074997302294e+08
2.936842105263157698e-01 2.163157894736842113e-01 1.131578947368420962e-01 2.960854324173880816e+08
2.936842105263157698e-01 2.163157894736842113e-01 1.389473684210526250e-01 2.843732075868257880e+08
2.936842105263157698e-01 2.163157894736842113e-01 1.647368421052631537e-01 2.717991163728843331e+08
2.936842105263157698e-01 2.163157894736842113e-01 1.905263157894736825e-01 2.664779886280316710e+08
2.936842105263157698e-01 2.163157894736842113e-01 2.163157894736842113e-01 2.614136457071006596e+08
2.936842105263157698e-01 2.421052631578947401e-01 6.157894736842105254e-02 3.615321707714372277e+08
2.936842105263157698e-01 2.421052631578947401e-01 8.736842105263156744e-02 3.186073118230675459e+08
2.936842105263157698e-01 2.421052631578947401e-01 1.131578947368420962e-01 2.911126045634205341e+08
2.936842105263157698e-01 2.421052631578947401e-01 1.389473684210526250e-01 2.800806991309882998e+08
2.936842105263157698e-01 2.421052631578947401e-01 1.647368421052631537e-01 2.679176695578165650e+08
2.936842105263157698e-01 2.421052631578947401e-01 1.905263157894736825e-01 2.627583249289832413e+08
2.936842105263157698e-01 2.421052631578947401e-01 2.163157894736842113e-01 2.577997010073200464e+08
2.936842105263157698e-01 2.421052631578947401e-01 2.421052631578947401e-01 2.542436768805209994e+08
2.936842105263157698e-01 2.678947368421052411e-01 3.578947368421052377e-02 4.278382434349615574e+08
2.936842105263157698e-01 2.678947368421052411e-01 6.157894736842105254e-02 3.545712805519790649e+08
2.936842105263157698e-01 2.678947368421052411e-01 8.736842105263156744e-02 3.147476063975128531e+08
2.936842105263157698e-01 2.678947368421052411e-01 1.131578947368420962e-01 2.882227213801065683e+08
2.936842105263157698e-01 2.678947368421052411e-01 1.389473684210526250e-01 2.775012285891386271e+08
2.936842105263157698e-01 2.678947368421052411e-01 1.647368421052631537e-01 2.655312339740727544e+08
2.936842105263157698e-01 2.678947368421052411e-01 1.905263157894736825e-01 2.604484349594166875e+08
2.936842105263157698e-01 2.678947368421052411e-01 2.163157894736842113e-01 2.555403029433881044e+08
2.936842105263157698e-01 2.678947368421052411e-01 2.421052631578947401e-01 2.520117556760981083e+08
2.936842105263157698e-01 2.678947368421052411e-01 2.678947368421052411e-01 2.497924070169342160e+08
2.936842105263157698e-01 2.936842105263157698e-01 1.000000000000000021e-02 4.748653126888289452e+08
2.936842105263157698e-01 2.936842105263157698e-01 3.578947368421052377e-02 4.187087303053966761e+08
2.936842105263157698e-01 2.936842105263157698e-01 6.157894736842105254e-02 3.507351622097707987e+08
2.936842105263157698e-01 2.936842105263157698e-01 8.736842105263156744e-02 3.119534515984511971e+08
2.936842105263157698e-01 2.936842105263157698e-01 1.131578947368420962e-01 2.857937772830442786e+08
2.936842105263157698e-01 2.936842105263157698e-01 1.389473684210526250e-01 2.751960290871866345e+08
2.936842105263157698e-01 2.936842105263157698e-01 1.647368421052631537e-01 2.633124391030817330e+08
2.936842105263157698e-01 2.936842105263157698e-01 1.905263157894736825e-01 2.582645311133414805e+08
2.936842105263157698e-01 2.936842105263157698e-01 2.163157894736842113e-01 2.533807340393169224e+08
2.936842105263157698e-01 2.936842105263157698e-01 2.421052631578947401e-01 2.498653236284693480e+08
2.936842105263157698e-01 2.936842105263157698e-01 2.678947368421052411e-01 2.476512490656032562e+08
2.936842105263157698e-01 2.936842105263157698e-01 2.936842105263157698e-01 2.455112832698370516e+08
3.194736842105262986e-01 1.647368421052631537e-01 1.647368421052631537e-01 2.831711849859111309e+08
3.194736842105262986e-01 1.905263157894736825e-01 1.389473684210526250e-01 2.906582581708006859e+08
3.194736842105262986e-01 1.905263157894736825e-01 1.647368421052631537e-01 2.766176523048002720e+08
3.194736842105262986e-01 1.905263157894736825e-01 1.905263157894736825e-01 2.707283287823539972e+08
3.194736842105262986e-01 2.163157894736842113e-01 1.131578947368420962e-01 2.961722129555017948e+08
3.194736842105262986e-01 2.163157894736842113e-01 1.389473684210526250e-01 2.837358569834550619e+08
3.194736842105262986e-01 2.163157894736842113e-01 1.647368421052631537e-01 2.707706093370810747e+08
3.194736842105262986e-01 2.163157894736842113e-01 1.905263157894736825e-01 2.652980227065438628e+08
3.194736842105262986e-01 2.163157894736842113e-01 2.163157894736842113e-01 2.601355660972521007e+08
3.194736842105262986e-01 2.421052631578947401e-01 8.736842105263156744e-02 3.193490241674291492e+08
3.194736842105262986e-01 2.421052631578947401e-01 1.131578947368420962e-01 2.905195818075106740e+08
3.194736842105262986e-01 2.421052631578947401e-01 1.389473684210526250e-01 2.790921564402792454e+08
3.194736842105262986e-01 2.421052631578947401e-01 1.647368421052631537e-01 2.667154832310450673e+08
3.194736842105262986e-01 2.421052631578947401e-01 1.905263157894736825e-01 2.614732349122342169e+08
3.194736842105262986e-01 2.421052631578947401e-01 2.163157894736842113e-01 2.564611752404696643e+08
3.194736842105262986e-01 2.421052631578947401e-01 2.421052631578947401e-01 2.528719868486544490e+08
3.194736842105262986e-01 2.678947368421052411e-01 6.157894736842105254e-02 3.566222397694841027e+08
3.194736842105262986e-01 2.678947368421052411e-01 8.736842105263156744e-02 3.144082439927360415e+08
3.194736842105262986e-01 2.678947368421052411e-01 1.131578947368420962e-01 2.872131547366296053e+08
3.194736842105262986e-01 2.678947368421052411e-01 1.389473684210526250e-01 2.762925593736398220e+08
3.194736842105262986e-01 2.678947368421052411e-01 1.647368421052631537e-01 2.642186447231141627e+08
3.194736842105262986e-01 2.678947368421052411e-01 1.905263157894736825e-01 2.590958000359427929e+08
3.194736842105262986e-01 2.678947368421052411e-01 2.163157894736842113e-01 2.541624805645014942e+08
3.194736842105262986e-01 2.678947368421052411e-01 2.421052631578947401e-01 2.506180505868034363e+08
3.194736842105262986e-01 2.678947368421052411e-01 2.678947368421052411e-01 2.483875560285841823e+08
3.194736842105262986e-01 2.936842105263157698e-01 3.578947368421052377e-02 4.217603447044938207e+08
3.194736842105262986e-01 2.936842105263157698e-01 6.157894736842105254e-02 3.501139660810497403e+08
3.194736842105262986e-01 2.936842105263157698e-01 8.736842105263156744e-02 3.107414942663371563e+08
3.194736842105262986e-01 2.936842105263157698e-01 1.131578947368420962e-01 2.844361855666739345e+08
3.194736842105262986e-01 2.936842105263157698e-01 1.389473684210526250e-01 2.738001478048510551e+08
3.194736842105262986e-01 2.936842105263157698e-01 1.647368421052631537e-01 2.619048097072735429e+08
3.194736842105262986e-01 2.936842105263157698e-01 1.905263157894736825e-01 2.568531763700482249e+08
3.194736842105262986e-01 2.936842105263157698e-01 2.163157894736842113e-01 2.519682628139094412e+08
3.194736842105262986e-01 2.936842105263157698e-01 2.421052631578947401e-01 2.484516760599102378e+08
3.194736842105262986e-01 2.936842105263157698e-01 2.678947368421052411e-01 2.462356307721254528e+08
3.194736842105262986e-01 2.936842105263157698e-01 2.936842105263157698e-01 2.440925533439744413e+08
3.194736842105262986e-01 3.194736842105262986e-01 1.000000000000000021e-02 4.709620904413239956e+08
3.194736842105262986e-01 3.194736842105262986e-01 3.578947368421052377e-02 4.150778709557840824e+08
3.194736842105262986e-01 3.194736842105262986e-01 6.157894736842105254e-02 3.474308785113314390e+08
3.194736842105262986e-01 3.194736842105262986e-01 8.736842105263156744e-02 3.088357076870033741e+08
3.194736842105262986e-01 3.194736842105262986e-01 1.131578947368420962e-01 2.827986092701900601e+08
3.194736842105262986e-01 3.194736842105262986e-01 1.389473684210526250e-01 2.722527769512096643e+08
3.194736842105262986e-01 3.194736842105262986e-01 1.647368421052631537e-01 2.604198509435378313e+08
3.194736842105262986e-01 3.194736842105262986e-01 1.905263157894736825e-01 2.553936939849585593e+08
3.194736842105262986e-01 3.194736842105262986e-01 2.163157894736842113e-01 2.505269418459580243e+08
3.194736842105262986e-01 3.194736842105262986e-01 2.421052631578947401e-01 2.470208315764280856e+08
3.194736842105262986e-01 3.194736842105262986e-01 2.678947368421052411e-01 2.448099375194005370e+08
3.194736842105262986e-01 3.194736842105262986e-01 2.936842105263157698e-01 2.426695665379851758e+08
3.194736842105262986e-01 3.194736842105262986e-01 3.194736842105262986e-01 2.412465794819858372e+08
3.452631578947368274e-01 1.905263157894736825e-01 1.647368421052631537e-01 2.762975278973788023e+08
3.452631578947368274e-01 1.905263157894736825e-01 1.905263157894736825e-01 2.700579478580566645e+08
3.452631578947368274e-01 2.163157894736842113e-01 1.389473684210526250e-01 2.835853554619386196e+08
3.452631578947368274e-01 2.163157894736842113e-01 1.647368421052631537e-01 2.700850286603148580e+08
3.452631578947368274e-01 2.163157894736842113e-01 1.905263157894736825e-01 2.644087572645151019e+08
3.452631578947368274e-01 2.163157894736842113e-01 2.163157894736842113e-01 2.591178726138041317e+08
3.452631578947368274e-01 2.421052631578947401e-01 1.131578947368420962e-01 2.905223813185858727e+08
3.452631578947368274e-01 2.421052631578947401e-01 1.389473684210526250e-01 2.785079214844645858e+08
3.452631578947368274e-01 2.421052631578947401e-01 1.647368421052631537e-01 2.658177793844553530e+08
3.452631578947368274e-01 2.421052631578947401e-01 1.905263157894736825e-01 2.604553967759152949e+08
3.452631578947368274e-01 2.421052631578947401e-01 2.163157894736842113e-01 2.553675146516029537e+08
3.452631578947368274e-01 2.421052631578947401e-01 2.421052631578947401e-01 2.517333394562766850e+08
3.452631578947368274e-01 2.678947368421052411e-01 8.736842105263156744e-02 3.150825862592965364e+08
3.452631578947368274e-01 2.678947368421052411e-01 1.131578947368420962e-01 2.867186991254265904e+08
3.452631578947368274e-01 2.678947368421052411e-01 1.389473684210526250e-01 2.754523455135450959e+08
3.452631578947368274e-01 2.678947368421052411e-01 1.647368421052631537e-01 2.631938154041340351e+08
3.452631578947368274e-01 2.678947368421052411e-01 1.905263157894736825e-01 2.580000987468691170e+08
3.452631578947368274e-01 2.678947368421052411e-01 2.163157894736842113e-01 2.530224629757980704e+08
3.452631578947368274e-01 2.678947368421052411e-01 2.421052631578947401e-01 2.494517442637346685e+08
3.452631578947368274e-01 2.678947368421052411e-01 2.678947368421052411e-01 2.472048925631092191e+08
3.452631578947368274e-01 2.936842105263157698e-01 6.157894736842105254e-02 3.517764728516591787e+08
3.452631578947368274e-01 2.936842105263157698e-01 8.736842105263156744e-02 3.104170317021183372e+08
3.452631578947368274e-01 2.936842105263157698e-01 1.131578947368420962e-01 2.835570506219257116e+08
3.452631578947368274e-01 2.936842105263157698e-01 1.389473684210526250e-01 2.727568009704573154e+08
3.452631578947368274e-01 2.936842105263157698e-01 1.647368421052631537e-01 2.607775317925596833e+08
3.452631578947368274e-01 2.936842105263157698e-01 1.905263157894736825e-01 2.556940876360991001e+08
3.452631578947368274e-01 2.936842105263157698e-01 2.163157894736842113e-01 2.507901804840162694e+08
3.452631578947368274e-01 2.936842105263157698e-01 2.421052631578947401e-01 2.472624235700708330e+08
3.452631578947368274e-01 2.936842105263157698e-01 2.678947368421052411e-01 2.450391646262969673e+08
3.452631578947368274e-01 2.936842105263157698e-01 2.936842105263157698e-01 2.428896631824901700e+08
3.452631578947368274e-01 3.194736842105262986e-01 3.578947368421052377e-02 4.179130245323016644e+08
3.452631578947368274e-01 3.194736842105262986e-01 6.157894736842105254e-02 3.469439416685398817e+08
3.452631578947368274e-01 3.194736842105262986e-01 8.736842105263156744e-02 3.078118570587675571e+08
3.452631578947368274e-01 3.194736842105262986e-01 1.131578947368420962e-01 2.816413759106560349e+08
3.452631578947368274e-01 3.194736842105262986e-01 1.389473684210526250e-01 2.710601345098068118e+08
3.452631578947368274e-01 3.194736842105262986e-01 1.647368421052631537e-01 2.592165019364541769e+08
3.452631578947368274e-01 3.194736842105262986e-01 1.905263157894736825e-01 2.541871566841735840e+08
3.452631578947368274e-01 3.194736842105262986e-01 2.163157894736842113e-01 2.493200814414961934e+08
3.452631578947368274e-01 3.194736842105262986e-01 2.421052631578947401e-01 2.458139356659511030e+08
3.452631578947368274e-01 3.194736842105262986e-01 2.678947368421052411e-01 2.436025041112894118e+08
3.452631578947368274e-01 3.194736842105262986e-01 2.936842105263157698e-01 2.414610444526937604e+08
3.452631578947368274e-01 3.194736842105262986e-01 3.194736842105262986e-01 2.400361979179000556e+08
3.452631578947368274e-01 3.452631578947368274e-01 1.000000000000000021e-02 4.676242917775231600e+08
3.452631578947368274e-01 3.452631578947368274e-01 3.578947368421052377e-02 4.119714054047964811e+08
3.452631578947368274e-01 3.452631578947368274e-01 6.157894736842105254e-02 3.446023241188001633e+08
3.452631578947368274e-01 3.452631578947368274e-01 8.736842105263156744e-02 3.061659862998925447e+08
3.452631578947368274e-01 3.452631578947368274e-01 1.131578947368420962e-01 2.802339040982597470e+08
3.452631578947368274e-01 3.452631578947368274e-01 1.389473684210526250e-01 2.697324308326693177e+08
3.452631578947368274e-01 3.452631578947368274e-01 1.647368421052631537e-01 2.579440447878106833e+08
3.452631578947368274e-01 3.452631578947368274e-01 1.905263157894736825e-01 2.529373315901426673e+08
3.452631578947368274e-01 3.452631578947368274e-01 2.163157894736842113e-01 2.480867502386412024e+08
3.452631578947368274e-01 3.452631578947368274e-01 2.421052631578947401e-01 2.445905471686556935e+08
3.452631578947368274e-01 3.452631578947368274e-01 2.678947368421052411e-01 2.423845013306078017e+08
3.452631578947368274e-01 3.452631578947368274e-01 2.936842105263157698e-01 2.402466272641954422e+08
3.452631578947368274e-01 3.452631578947368274e-01 3.194736842105262986e-01 2.388231542647452354e+08
3.452631578947368274e-01 3.452631578947368274e-01 3.452631578947368274e-01 2.376101556578805745e+08
3.710526315789473562e-01 1.905263157894736825e-01 1.905263157894736825e-01 2.697541458994179368e+08
3.710526315789473562e-01 2.163157894736842113e-01 1.647368421052631537e-01 2.697700044585320354e+08
3.710526315789473562e-01 2.163157894736842113e-01 1.905263157894736825e-01 2.638285716214346290e+08
3.710526315789473562e-01 2.163157894736842113e-01 2.163157894736842113e-01 2.583742273170969486e+08
3.710526315789473562e-01 2.421052631578947401e-01 1.389473684210526250e-01 2.783563897472711205e+08
3.710526315789473562e-01 2.421052631578947401e-01 1.647368421052631537e-01 2.652409619260390699e+08
3.710526315789473562e-01 2.421052631578947401e-01 1.905263157894736825e-01 2.597176292008933425e+08
3.710526315789473562e-01 2.421052631578947401e-01 2.163157894736842113e-01 2.545298469169721007e+08
3.710526315789473562e-01 2.421052631578947401e-01 2.421052631578947401e-01 2.508379448541254699e+08
3.710526315789473562e-01 2.678947368421052411e-01 1.131578947368420962e-01 2.867646303538795710e+08
3.710526315789473562e-01 2.678947368421052411e-01 1.389473684210526250e-01 2.749931623976435661e+08
3.710526315789473562e-01 2.678947368421052411e-01 1.647368421052631537e-01 2.624666268108222485e+08
3.710526315789473562e-01 2.678947368421052411e-01 1.905263157894736825e-01 2.571707978169492781e+08
3.710526315789473562e-01 2.678947368421052411e-01 2.163157894736842113e-01 2.521297747160718143e+08
3.710526315789473562e-01 2.678947368421052411e-01 2.421052631578947401e-01 2.485223997271640301e+08
3.710526315789473562e-01 2.678947368421052411e-01 2.678947368421052411e-01 2.462539026643504500e+08
3.710526315789473562e-01 2.936842105263157698e-01 8.736842105263156744e-02 3.109853316500962973e+08
3.710526315789473562e-01 2.936842105263157698e-01 1.131578947368420962e-01 2.831538169826313257e+08
3.710526315789473562e-01 2.936842105263157698e-01 1.389473684210526250e-01 2.720665260234457254e+08
3.710526315789473562e-01 2.936842105263157698e-01 1.647368421052631537e-01 2.599352851572315097e+08
3.710526315789473562e-01 2.936842105263157698e-01 1.905263157894736825e-01 2.547939147577671707e+08
3.710526315789473562e-01 2.936842105263157698e-01 2.163157894736842113e-01 2.498545550567795336e+08
3.710526315789473562e-01 2.936842105263157698e-01 2.421052631578947401e-01 2.463064344980911613e+08
3.710526315789473562e-01 2.936842105263157698e-01 2.678947368421052411e-01 2.440711013125046492e+08
3.710526315789473562e-01 2.936842105263157698e-01 2.936842105263157698e-01 2.419120014016200900e+08
3.710526315789473562e-01 3.194736842105262986e-01 6.157894736842105254e-02 3.484945227651578784e+08
3.710526315789473562e-01 3.194736842105262986e-01 8.736842105263156744e-02 3.076022345180297494e+08
3.710526315789473562e-01 3.194736842105262986e-01 1.131578947368420962e-01 2.809398485251833797e+08
3.710526315789473562e-01 3.194736842105262986e-01 1.389473684210526250e-01 2.702128346871836782e+08
3.710526315789473562e-01 3.194736842105262986e-01 1.647368421052631537e-01 2.582949871273647547e+08
3.710526315789473562e-01 3.194736842105262986e-01 1.905263157894736825e-01 2.532376952731770277e+08
3.710526315789473562e-01 3.194736842105262986e-01 2.163157894736842113e-01 2.483543612362432182e+08
3.710526315789473562e-01 3.194736842105262986e-01 2.421052631578947401e-01 2.448391046516234577e+08
3.710526315789473562e-01 3.194736842105262986e-01 2.678947368421052411e-01 2.426222052095480859e+08
3.710526315789473562e-01 3.194736842105262986e-01 2.936842105263157698e-01 2.404762992623513639e+08
3.710526315789473562e-01 3.194736842105262986e-01 3.194736842105262986e-01 2.390478836123136878e+08
3.710526315789473562e-01 3.452631578947368274e-01 3.578947368421052377e-02 4.145378884737043381e+08
3.710526315789473562e-01 3.452631578947368274e-01 6.157894736842105254e-02 3.442495201729774475e+08
3.710526315789473562e-01 3.452631578947368274e-01 8.736842105263156744e-02 3.053387295198301077e+08
3.710526315789473562e-01 3.452631578947368274e-01 1.131578947368420962e-01 2.792874912221214771e+08
3.710526315789473562e-01 3.452631578947368274e-01 1.389473684210526250e-01 2.687540091461408734e+08
3.710526315789473562e-01 3.452631578947368274e-01 1.647368421052631537e-01 2.569556624725578427e+08
3.710526315789473562e-01 3.452631578947368274e-01 1.905263157894736825e-01 2.519460038276219964e+08
3.710526315789473562e-01 3.452631578947368274e-01 2.163157894736842113e-01 2.470952906870282292e+08
3.710526315789473562e-01 3.452631578947368274e-01 2.421052631578947401e-01 2.435994501932858825e+08
3.710526315789473562e-01 3.452631578947368274e-01 2.678947368421052411e-01 2.413934841441362798e+08
3.710526315789473562e-01 3.452631578947368274e-01 2.936842105263157698e-01 2.392554704812996686e+08
3.710526315789473562e-01 3.452631578947368274e-01 3.194736842105262986e-01 2.378313319119494855e+08
3.710526315789473562e-01 3.452631578947368274e-01 3.452631578947368274e-01 2.366171915320519805e+08
3.710526315789473562e-01 3.710526315789473562e-01 1.000000000000000021e-02 4.648803845928726196e+08
3.710526315789473562e-01 3.710526315789473562e-01 3.578947368421052377e-02 4.094167758109692335e+08
3.710526315789473562e-01 3.710526315789473562e-01 6.157894736842105254e-02 3.422753771244683266e+08
3.710526315789473562e-01 3.710526315789473562e-01 8.736842105263156744e-02 3.039692078127830029e+08
3.710526315789473562e-01 3.710526315789473562e-01 1.131578947368420962e-01 2.781235408327472210e+08
3.710526315789473562e-01 3.710526315789473562e-01 1.389473684210526250e-01 2.676584847638844848e+08
3.710526315789473562e-01 3.710526315789473562e-01 1.647368421052631537e-01 2.559073517311540842e+08
3.710526315789473562e-01 3.710526315789473562e-01 1.905263157894736825e-01 2.509170429872460663e+08
3.710526315789473562e-01 3.710526315789473562e-01 2.163157894736842113e-01 2.460805781517160535e+08
3.710526315789473562e-01 3.710526315789473562e-01 2.421052631578947401e-01 2.425935225840229392e+08
3.710526315789473562e-01 3.710526315789473562e-01 2.678947368421052411e-01 2.403925368716450632e+08
3.710526315789473562e-01 3.710526315789473562e-01 2.936842105263157698e-01 2.382581550114294887e+08
3.710526315789473562e-01 3.710526315789473562e-01 3.194736842105262986e-01 2.368358537881117165e+08
3.710526315789473562e-01 3.710526315789473562e-01 3.452631578947368274e-01 2.356225754594400823e+08
3.710526315789473562e-01 3.710526315789473562e-01 3.710526315789473562e-01 2.346279670272555053e+08
3.968421052631578849e-01 2.163157894736842113e-01 1.905263157894736825e-01 2.635692077198413908e+08
3.968421052631578849e-01 2.163157894736842113e-01 2.163157894736842113e-01 2.579103109617761672e+08
3.968421052631578849e-01 2.421052631578947401e-01 1.647368421052631537e-01 2.649953457484361231e+08
3.968421052631578849e-01 2.421052631578947401e-01 1.905263157894736825e-01 2.592649929379681051e+08
3.968421052631578849e-01 2.421052631578947401e-01 2.163157894736842113e-01 2.539507993399919271e+08
3.968421052631578849e-01 2.421052631578947401e-01 2.421052631578947401e-01 2.501872319332411885e+08
3.968421052631578849e-01 2.678947368421052411e-01 1.389473684210526250e-01 2.749242097693252563e+08
3.968421052631578849e-01 2.678947368421052411e-01 1.647368421052631537e-01 2.620399959407371283e+08
3.968421052631578849e-01 2.678947368421052411e-01 1.905263157894736825e-01 2.566092603805427551e+08
3.968421052631578849e-01 2.678947368421052411e-01 2.163157894736842113e-01 2.514853070302833617e+08
3.968421052631578849e-01 2.678947368421052411e-01 2.421052631578947401e-01 2.478307353106613755e+08
3.968421052631578849e-01 2.678947368421052411e-01 2.678947368421052411e-01 2.455351702448665798e+08
3.968421052631578849e-01 2.936842105263157698e-01 1.131578947368420962e-01 2.832271214293003082e+08
3.968421052631578849e-01 2.936842105263157698e-01 1.389473684210526250e-01 2.717257057408362627e+08
3.968421052631578849e-01 2.936842105263157698e-01 1.647368421052631537e-01 2.593756660203539729e+08
3.968421052631578849e-01 2.936842105263157698e-01 1.905263157894736825e-01 2.541512486310567260e+08
3.968421052631578849e-01 2.936842105263157698e-01 2.163157894736842113e-01 2.491609015381452739e+08
3.968421052631578849e-01 2.936842105263157698e-01 2.421052631578947401e-01 2.455838011197330654e+08
3.968421052631578849e-01 2.936842105263157698e-01 2.678947368421052411e-01 2.433318291809793413e+08
3.968421052631578849e-01 2.936842105263157698e-01 2.936842105263157698e-01 2.411600901792653203e+08
3.968421052631578849e-01 3.194736842105262986e-01 8.736842105263156744e-02 3.081763599177047014e+08
3.968421052631578849e-01 3.194736842105262986e-01 1.131578947368420962e-01 2.806734796012259126e+08
3.968421052631578849e-01 3.194736842105262986e-01 1.389473684210526250e-01 2.696980748616127968e+08
3.968421052631578849e-01 3.194736842105262986e-01 1.647368421052631537e-01 2.576489190584373772e+08
3.968421052631578849e-01 3.194736842105262986e-01 1.905263157894736825e-01 2.525417234816453457e+08
3.968421052631578849e-01 3.194736842105262986e-01 2.163157894736842113e-01 2.476281418735202253e+08
3.968421052631578849e-01 3.194736842105262986e-01 2.421052631578947401e-01 2.440958366502184868e+08
3.968421052631578849e-01 3.194736842105262986e-01 2.678947368421052411e-01 2.418691566979324818e+08
3.968421052631578849e-01 3.194736842105262986e-01 2.936842105263157698e-01 2.397158276054584086e+08
3.968421052631578849e-01 3.194736842105262986e-01 3.194736842105262986e-01 2.382822866620464623e+08
3.968421052631578849e-01 3.452631578947368274e-01 6.157894736842105254e-02 3.456604287718878984e+08
3.968421052631578849e-01 3.452631578947368274e-01 8.736842105263156744e-02 3.052375839924976826e+08
3.968421052631578849e-01 3.452631578947368274e-01 1.131578947368420962e-01 2.787628668874709606e+08
3.968421052631578849e-01 3.452631578947368274e-01 1.389473684210526250e-01 2.681036701597446203e+08
3.968421052631578849e-01 3.452631578947368274e-01 1.647368421052631537e-01 2.562411951903191209e+08
3.968421052631578849e-01 3.452631578947368274e-01 1.905263157894736825e-01 2.512074453593678176e+08
3.968421052631578849e-01 3.452631578947368274e-01 2.163157894736842113e-01 2.463428642899446785e+08
3.968421052631578849e-01 3.452631578947368274e-01 2.421052631578947401e-01 2.428394650962813199e+08
3.968421052631578849e-01 3.452631578947368274e-01 2.678947368421052411e-01 2.406291889114370346e+08
3.968421052631578849e-01 3.452631578947368274e-01 2.936842105263157698e-01 2.384879189800803661e+08
3.968421052631578849e-01 3.452631578947368274e-01 3.194736842105262986e-01 2.370613889877494276e+08
3.968421052631578849e-01 3.452631578947368274e-01 3.452631578947368274e-01 2.358450657750442922e+08
3.968421052631578849e-01 3.710526315789473562e-01 3.578947368421052377e-02 4.116701663619337678e+08
3.968421052631578849e-01 3.710526315789473562e-01 6.157894736842105254e-02 3.420500480380800962e+08
3.968421052631578849e-01 3.710526315789473562e-01 8.736842105263156744e-02 3.033384026301082373e+08
3.968421052631578849e-01 3.710526315789473562e-01 1.131578947368420962e-01 2.773894719744234085e+08
3.968421052631578849e-01 3.710526315789473562e-01 1.389473684210526250e-01 2.668962982551876307e+08
3.968421052631578849e-01 3.710526315789473562e-01 1.647368421052631537e-01 2.551358882863933742e+08
3.968421052631578849e-01 3.710526315789473562e-01 1.905263157894736825e-01 2.501427629093989730e+08
3.968421052631578849e-01 3.710526315789473562e-01 2.163157894736842113e-01 2.453060418960216939e+08
3.968421052631578849e-01 3.710526315789473562e-01 2.421052631578947401e-01 2.418193387673280239e+08
3.968421052631578849e-01 3.710526315789473562e-01 2.678947368421052411e-01 2.396186010007978678e+08
3.968421052631578849e-01 3.710526315789473562e-01 2.936842105263157698e-01 2.374844277547686696e+08
3.968421052631578849e-01 3.710526315789473562e-01 3.194736842105262986e-01 2.360619915478501618e+08
3.968421052631578849e-01 3.710526315789473562e-01 3.452631578947368274e-01 2.348482989519650340e+08
3.968421052631578849e-01 3.710526315789473562e-01 3.710526315789473562e-01 2.338529665553782582e+08
3.968421052631578849e-01 3.968421052631578849e-01 1.000000000000000021e-02 4.627350590782367587e+08
3.968421052631578849e-01 3.968421052631578849e-01 3.578947368421052377e-02 4.074189811811915636e+08
3.968421052631578849e-01 3.968421052631578849e-01 6.157894736842105254e-02 3.404551958921104074e+08
3.968421052631578849e-01 3.968421052631578849e-01 8.736842105263156744e-02 3.022505915846101046e+08
3.968421052631578849e-01 3.968421052631578849e-01 1.131578947368420962e-01 2.764725267164422274e+08
3.968421052631578849e-01 3.968421052631578849e-01 1.389473684210526250e-01 2.660359170063640773e+08
3.968421052631578849e-01 3.968421052631578849e-01 1.647368421052631537e-01 2.543142256799021065e+08
3.968421052631578849e-01 3.968421052631578849e-01 1.905263157894736825e-01 2.493369486412734687e+08
3.968421052631578849e-01 3.968421052631578849e-01 2.163157894736842113e-01 2.445119250351338685e+08
3.968421052631578849e-01 3.968421052631578849e-01 2.421052631578947401e-01 2.410325118370402753e+08
3.968421052631578849e-01 3.968421052631578849e-01 2.678947368421052411e-01 2.388360032072857320e+08
3.968421052631578849e-01 3.968421052631578849e-01 2.936842105263157698e-01 2.367050474885980189e+08
3.968421052631578849e-01 3.968421052631578849e-01 3.194736842105262986e-01 2.352844144271980524e+08
3.968421052631578849e-01 3.968421052631578849e-01 3.452631578947368274e-01 2.340718068963289857e+08
3.968421052631578849e-01 3.968421052631578849e-01 3.710526315789473562e-01 2.330769393050897717e+08
3.968421052631578849e-01 3.968421052631578849e-01 3.968421052631578849e-01 2.323008541139813960e+08
4.226315789473684137e-01 2.163157894736842113e-01 2.163157894736842113e-01 2.576255838885526061e+08
4.226315789473684137e-01 2.421052631578947401e-01 1.905263157894736825e-01 2.589972379027609527e+08
4.226315789473684137e-01 2.421052631578947401e-01 2.163157894736842113e-01 2.535243519428338408e+08
4.226315789473684137e-01 2.421052631578947401e-01 2.421052631578947401e-01 2.496722252816028297e+08
4.226315789473684137e-01 2.678947368421052411e-01 1.647368421052631537e-01 2.618142177059482634e+08
4.226315789473684137e-01 2.678947368421052411e-01 1.905263157894736825e-01 2.562093935002591610e+08
4.226315789473684137e-01 2.678947368421052411e-01 2.163157894736842113e-01 2.509798958750821054e+08
4.226315789473684137e-01 2.678947368421052411e-01 2.421052631578947401e-01 2.472660564706309736e+08
4.226315789473684137e-01 2.678947368421052411e-01 2.678947368421052411e-01 2.449370973188241422e+08
4.226315789473684137e-01 2.936842105263157698e-01 1.389473684210526250e-01 2.716361775428603888e+08
4.226315789473684137e-01 2.936842105263157698e-01 1.647368421052631537e-01 2.589911294938427210e+08
4.226315789473684137e-01 2.936842105263157698e-01 1.905263157894736825e-01 2.536556873215411305e+08
4.226315789473684137e-01 2.936842105263157698e-01 2.163157894736842113e-01 2.485976865608332157e+08
4.226315789473684137e-01 2.936842105263157698e-01 2.421052631578947401e-01 2.449825112432600260e+08
4.226315789473684137e-01 2.936842105263157698e-01 2.678947368421052411e-01 2.427090454605742693e+08
4.226315789473684137e-01 2.936842105263157698e-01 2.936842105263157698e-01 2.405213916901326776e+08
4.226315789473684137e-01 3.194736842105262986e-01 1.131578947368420962e-01 2.807424634272863865e+08
4.226315789473684137e-01 3.194736842105262986e-01 1.389473684210526250e-01 2.694047297417529821e+08
4.226315789473684137e-01 3.194736842105262986e-01 1.647368421052631537e-01 2.571649328105576634e+08
4.226315789473684137e-01 3.194736842105262986e-01 1.905263157894736825e-01 2.519855260843839347e+08
4.226315789473684137e-01 3.194736842105262986e-01 2.163157894736842113e-01 2.470280065629215837e+08
4.226315789473684137e-01 3.194736842105262986e-01 2.421052631578947401e-01 2.434710266631120145e+08
4.226315789473684137e-01 3.194736842105262986e-01 2.678947368421052411e-01 2.412304231657145619e+08
4.226315789473684137e-01 3.194736842105262986e-01 2.936842105263157698e-01 2.390668120663092136e+08
4.226315789473684137e-01 3.194736842105262986e-01 3.194736842105262986e-01 2.376265666674291193e+08
4.226315789473684137e-01 3.452631578947368274e-01 8.736842105263156744e-02 3.057466766583188176e+08
4.226315789473684137e-01 3.452631578947368274e-01 1.131578947368420962e-01 2.785356564909101129e+08
4.226315789473684137e-01 3.452631578947368274e-01 1.389473684210526250e-01 2.676589335260725617e+08
4.226315789473684137e-01 3.452631578947368274e-01 1.647368421052631537e-01 2.556820100419040024e+08
4.226315789473684137e-01 3.452631578947368274e-01 1.905263157894736825e-01 2.506048585875816047e+08
4.226315789473684137e-01 3.452631578947368274e-01 2.163157894736842113e-01 2.457142550021845102e+08
4.226315789473684137e-01 3.452631578947368274e-01 2.421052631578947401e-01 2.421964065883844793e+08
4.226315789473684137e-01 3.452631578947368274e-01 2.678947368421052411e-01 2.399780171243386865e+08
4.226315789473684137e-01 3.452631578947368274e-01 2.936842105263157698e-01 2.378308114507687986e+08
4.226315789473684137e-01 3.452631578947368274e-01 3.194736842105262986e-01 2.364003663753774166e+08
4.226315789473684137e-01 3.452631578947368274e-01 3.452631578947368274e-01 2.351808924994321465e+08
4.226315789473684137e-01 3.710526315789473562e-01 6.157894736842105254e-02 3.433013232979759574e+08
4.226315789473684137e-01 3.710526315789473562e-01 8.736842105263156744e-02 3.032590035832716227e+08
4.226315789473684137e-01 3.710526315789473562e-01 1.131578947368420962e-01 2.769376170073951483e+08
4.226315789473684137e-01 3.710526315789473562e-01 1.389473684210526250e-01 2.663338853432514369e+08
4.226315789473684137e-01 3.710526315789473562e-01 1.647368421052631537e-01 2.545173853881285191e+08
4.226315789473684137e-01 3.710526315789473562e-01 1.905263157894736825e-01 2.495032359378932118e+08
4.226315789473684137e-01 3.710526315789473562e-01 2.163157894736842113e-01 2.446546033135870993e+08
4.226315789473684137e-01 3.710526315789473562e-01 2.421052631578947401e-01 2.411615638771958053e+08
4.226315789473684137e-01 3.710526315789473562e-01 2.678947368421052411e-01 2.389573380496551692e+08
4.226315789473684137e-01 3.710526315789473562e-01 2.936842105263157698e-01 2.368206974368470311e+08
4.226315789473684137e-01 3.710526315789473562e-01 3.194736842105262986e-01 2.353965671532166898e+08
4.226315789473684137e-01 3.710526315789473562e-01 3.452631578947368274e-01 2.341814308017735481e+08
4.226315789473684137e-01 3.710526315789473562e-01 3.710526315789473562e-01 2.331847478931985497e+08
4.226315789473684137e-01 3.968421052631578849e-01 3.578947368421052377e-02 4.095061779203807712e+08
4.226315789473684137e-01 3.968421052631578849e-01 6.157894736842105254e-02 3.402876431446704865e+08
4.226315789473684137e-01 3.968421052631578849e-01 8.736842105263156744e-02 3.017128456717206836e+08
4.226315789473684137e-01 3.968421052631578849e-01 1.131578947368420962e-01 2.758398381782500744e+08
4.226315789473684137e-01 3.968421052631578849e-01 1.389473684210526250e-01 2.653771648385550380e+08
4.226315789473684137e-01 3.968421052631578849e-01 1.647368421052631537e-01 2.536466858246712387e+08
4.226315789473684137e-01 3.968421052631578849e-01 1.905263157894736825e-01 2.486666942272607088e+08
4.226315789473684137e-01 3.968421052631578849e-01 2.163157894736842113e-01 2.438414040298044384e+08
4.226315789473684137e-01 3.968421052631578849e-01 2.421052631578947401e-01 2.403623744565979540e+08
4.226315789473684137e-01 3.968421052631578849e-01 2.678947368421052411e-01 2.381662104812732041e+08
4.226315789473684137e-01 3.968421052631578849e-01 2.936842105263157698e-01 2.360356594927204549e+08
4.226315789473684137e-01 3.968421052631578849e-01 3.194736842105262986e-01 2.346151617787351310e+08
4.226315789473684137e-01 3.968421052631578849e-01 3.452631578947368274e-01 2.334025066022299826e+08
4.226315789473684137e-01 3.968421052631578849e-01 3.710526315789473562e-01 2.324073764903263152e+08
4.226315789473684137e-01 3.968421052631578849e-01 3.968421052631578849e-01 2.316308148269937038e+08
4.226315789473684137e-01 4.226315789473684137e-01 1.000000000000000021e-02 4.608777115000231266e+08
4.226315789473684137e-01 4.226315789473684137e-01 3.578947368421052377e-02 4.056889189121810198e+08
4.226315789473684137e-01 4.226315789473684137e-01 6.157894736842105254e-02 3.388785059021725655e+08
4.226315789473684137e-01 4.226315789473684137e-01 8.736842105263156744e-02 3.007616005333307385e+08
4.226315789473684137e-01 4.226315789473684137e-01 1.131578947368420962e-01 2.750420511525336504e+08
4.226315789473684137e-01 4.226315789473684137e-01 1.389473684210526250e-01 2.646299752504547834e+08
4.226315789473684137e-01 4.226315789473684137e-01 1.647368421052631537e-01 2.529339938093029857e+08
4.226315789473684137e-01 4.226315789473684137e-01 1.905263157894736825e-01 2.479680929155367017e+08
4.226315789473684137e-01 4.226315789473684137e-01 2.163157894736842113e-01 2.431532397219991386e+08
4.226315789473684137e-01 4.226315789473684137e-01 2.421052631578947401e-01 2.396807677684947848e+08
4.226315789473684137e-01 4.226315789473684137e-01 2.678947368421052411e-01 2.374884627463277876e+08
4.226315789473684137e-01 4.226315789473684137e-01 2.936842105263157698e-01 2.353609401332197487e+08
4.226315789473684137e-01 4.226315789473684137e-01 3.194736842105262986e-01 2.339422381398629546e+08
4.226315789473684137e-01 4.226315789473684137e-01 3.452631578947368274e-01 2.327307917329800725e+08
4.226315789473684137e-01 4.226315789473684137e-01 3.710526315789473562e-01 2.317363669771985114e+08
4.226315789473684137e-01 4.226315789473684137e-01 3.968421052631578849e-01 2.309600889699850380e+08
4.226315789473684137e-01 4.226315789473684137e-01 4.226315789473684137e-01 2.302893316450487375e+08
4.484210526315789425e-01 2.421052631578947401e-01 2.163157894736842113e-01 2.532723544998303056e+08
4.484210526315789425e-01 2.421052631578947401e-01 2.421052631578947401e-01 2.493121720642230213e+08
4.484210526315789425e-01 2.678947368421052411e-01 1.905263157894736825e-01 2.559932483694008887e+08
4.484210526315789425e-01 2.678947368421052411e-01 2.163157894736842113e-01 2.506327874613502622e+08
4.484210526315789425e-01 2.678947368421052411e-01 2.421052631578947401e-01 2.468463138115947843e+08
4.484210526315789425e-01 2.678947368421052411e-01 2.678947368421052411e-01 2.444769978441696763e+08
4.484210526315789425e-01 2.936842105263157698e-01 1.647368421052631537e-01 2.588030523036497831e+08
4.484210526315789425e-01 2.936842105263157698e-01 1.905263157894736825e-01 2.533259253358904123e+08
4.484210526315789425e-01 2.936842105263157698e-01 2.163157894736842113e-01 2.481824846956301630e+08
4.484210526315789425e-01 2.936842105263157698e-01 2.421052631578947401e-01 2.445196717219229341e+08
4.484210526315789425e-01 2.936842105263157698e-01 2.678947368421052411e-01 2.422196444136875868e+08
4.484210526315789425e-01 2.936842105263157698e-01 2.936842105263157698e-01 2.400126588690439761e+08
4.484210526315789425e-01 3.194736842105262986e-01 1.389473684210526250e-01 2.693537609446370006e+08
4.484210526315789425e-01 3.194736842105262986e-01 1.647368421052631537e-01 2.568604817030555904e+08
4.484210526315789425e-01 3.194736842105262986e-01 1.905263157894736825e-01 2.515857951198232770e+08
4.484210526315789425e-01 3.194736842105262986e-01 2.163157894736842113e-01 2.465705118722873330e+08
4.484210526315789425e-01 3.194736842105262986e-01 2.421052631578947401e-01 2.429812547545574307e+08
4.484210526315789425e-01 3.194736842105262986e-01 2.678947368421052411e-01 2.407226268390398622e+08
4.484210526315789425e-01 3.194736842105262986e-01 2.936842105263157698e-01 2.385459041869345605e+08
4.484210526315789425e-01 3.194736842105262986e-01 3.194736842105262986e-01 2.370973794082039893e+08
4.484210526315789425e-01 3.452631578947368274e-01 1.131578947368420962e-01 2.786234703394385576e+08
4.484210526315789425e-01 3.452631578947368274e-01 1.389473684210526250e-01 2.674339379296329319e+08
4.484210526315789425e-01 3.452631578947368274e-01 1.647368421052631537e-01 2.552927624375987649e+08
4.484210526315789425e-01 3.452631578947368274e-01 1.905263157894736825e-01 2.501534675899256766e+08
4.484210526315789425e-01 3.452631578947368274e-01 2.163157894736842113e-01 2.452252482841978073e+08
4.484210526315789425e-01 3.452631578947368274e-01 2.421052631578947401e-01 2.416864378868318796e+08
4.484210526315789425e-01 3.452631578947368274e-01 2.678947368421052411e-01 2.394563606317863762e+08
4.484210526315789425e-01 3.452631578947368274e-01 2.936842105263157698e-01 2.373006967616814375e+08
4.484210526315789425e-01 3.452631578947368274e-01 3.194736842105262986e-01 2.358648970647985339e+08
4.484210526315789425e-01 3.452631578947368274e-01 3.452631578947368274e-01 2.346413429105185866e+08
4.484210526315789425e-01 3.710526315789473562e-01 8.736842105263156744e-02 3.037340788835476637e+08
4.484210526315789425e-01 3.710526315789473562e-01 1.131578947368420962e-01 2.767729152886387706e+08
4.484210526315789425e-01 3.710526315789473562e-01 1.389473684210526250e-01 2.659801319396544397e+08
4.484210526315789425e-01 3.710526315789473562e-01 1.647368421052631537e-01 2.540642825090114176e+08
4.484210526315789425e-01 3.710526315789473562e-01 1.905263157894736825e-01 2.490124879020075798e+08
4.484210526315789425e-01 3.710526315789473562e-01 2.163157894736842113e-01 2.441413951539258957e+08
4.484210526315789425e-01 3.710526315789473562e-01 2.421052631578947401e-01 2.406359906847916842e+08
4.484210526315789425e-01 3.710526315789473562e-01 2.678947368421052411e-01 2.384249197516435087e+08
4.484210526315789425e-01 3.710526315789473562e-01 2.936842105263157698e-01 2.362833975666491091e+08
4.484210526315789425e-01 3.710526315789473562e-01 3.194736842105262986e-01 2.348561638935562968e+08
4.484210526315789425e-01 3.710526315789473562e-01 3.452631578947368274e-01 2.336386426435552239e+08
4.484210526315789425e-01 3.710526315789473562e-01 3.710526315789473562e-01 2.326400238172463477e+08
4.484210526315789425e-01 3.968421052631578849e-01 6.157894736842105254e-02 3.414455615761903524e+08
4.484210526315789425e-01 3.968421052631578849e-01 8.736842105263156744e-02 3.016897108381457329e+08
4.484210526315789425e-01 3.968421052631578849e-01 1.131578947368420962e-01 2.754854810779011250e+08
4.484210526315789425e-01 3.968421052631578849e-01 1.389473684210526250e-01 2.649243238193340302e+08
4.484210526315789425e-01 3.968421052631578849e-01 1.647368421052631537e-01 2.531437209549481869e+08
4.484210526315789425e-01 3.968421052631578849e-01 1.905263157894736825e-01 2.481449248180888295e+08
4.484210526315789425e-01 3.968421052631578849e-01 2.163157894736842113e-01 2.433089942967782617e+08
4.484210526315789425e-01 3.968421052631578849e-01 2.421052631578947401e-01 2.398243550449589193e+08
4.484210526315789425e-01 3.968421052631578849e-01 2.678947368421052411e-01 2.376251656342654526e+08
4.484210526315789425e-01 3.968421052631578849e-01 2.936842105263157698e-01 2.354925634587764144e+08
4.484210526315789425e-01 3.968421052631578849e-01 3.194736842105262986e-01 2.340707422035287917e+08
4.484210526315789425e-01 3.968421052631578849e-01 3.452631578947368274e-01 2.328570396349005401e+08
4.484210526315789425e-01 3.968421052631578849e-01 3.710526315789473562e-01 2.318609962049469650e+08
4.484210526315789425e-01 3.968421052631578849e-01 3.968421052631578849e-01 2.310835745197701752e+08
4.484210526315789425e-01 4.226315789473684137e-01 3.578947368421052377e-02 4.075572437867871523e+08
4.484210526315789425e-01 4.226315789473684137e-01 6.157894736842105254e-02 3.387735458779215813e+08
4.484210526315789425e-01 4.226315789473684137e-01 8.736842105263156744e-02 3.003311658758012056e+08
4.484210526315789425e-01 4.226315789473684137e-01 1.131578947368420962e-01 2.745273239672590494e+08
4.484210526315789425e-01 4.226315789473684137e-01 1.389473684210526250e-01 2.640918886620470285e+08
4.484210526315789425e-01 4.226315789473684137e-01 1.647368421052631537e-01 2.523877048131732345e+08
4.484210526315789425e-01 4.226315789473684137e-01 1.905263157894736825e-01 2.474192031410455406e+08
4.484210526315789425e-01 4.226315789473684137e-01 2.163157894736842113e-01 2.426039666623435915e+08
4.484210526315789425e-01 4.226315789473684137e-01 2.421052631578947401e-01 2.391317728115926385e+08
4.484210526315789425e-01 4.226315789473684137e-01 2.678947368421052411e-01 2.369397771760196984e+08
4.484210526315789425e-01 4.226315789473684137e-01 2.936842105263157698e-01 2.348126759644680917e+08
4.484210526315789425e-01 4.226315789473684137e-01 3.194736842105262986e-01 2.333942016458311379e+08
4.484210526315789425e-01 4.226315789473684137e-01 3.452631578947368274e-01 2.321828690624185801e+08
4.484210526315789425e-01 4.226315789473684137e-01 3.710526315789473562e-01 2.311884131635365486e+08
4.484210526315789425e-01 4.226315789473684137e-01 3.968421052631578849e-01 2.304119555375942886e+08
4.484210526315789425e-01 4.226315789473684137e-01 4.226315789473684137e-01 2.297408802976247668e+08
4.484210526315789425e-01 4.484210526315789425e-01 1.000000000000000021e-02 4.593555496627838612e+08
4.484210526315789425e-01 4.484210526315789425e-01 3.578947368421052377e-02 4.042708315389964581e+08
4.484210526315789425e-01 4.484210526315789425e-01 6.157894736842105254e-02 3.375858944237645864e+08
4.484210526315789425e-01 4.484210526315789425e-01 8.736842105263156744e-02 2.995407354914231300e+08
4.484210526315789425e-01 4.484210526315789425e-01 1.131578947368420962e-01 2.738691349613420367e+08
4.484210526315789425e-01 4.484210526315789425e-01 1.389473684210526250e-01 2.634771167663640380e+08
4.484210526315789425e-01 4.484210526315789425e-01 1.647368421052631537e-01 2.518023248243963718e+08
4.484210526315789425e-01 4.484210526315789425e-01 1.905263157894736825e-01 2.468457996487319469e+08
4.484210526315789425e-01 4.484210526315789425e-01 2.163157894736842113e-01 2.420394254187177122e+08
4.484210526315789425e-01 4.484210526315789425e-01 2.421052631578947401e-01 2.385728177679435015e+08
4.484210526315789425e-01 4.484210526315789425e-01 2.678947368421052411e-01 2.363841345143832862e+08
4.484210526315789425e-01 4.484210526315789425e-01 2.936842105263157698e-01 2.342596757172282934e+08
4.484210526315789425e-01 4.484210526315789425e-01 3.194736842105262986e-01 2.328428159885931909e+08
4.484210526315789425e-01 4.484210526315789425e-01 3.452631578947368274e-01 2.316326289670788050e+08
4.484210526315789425e-01 4.484210526315789425e-01 3.710526315789473562e-01 2.306389188427281976e+08
4.484210526315789425e-01 4.484210526315789425e-01 3.968421052631578849e-01 2.298628735478659868e+08
4.484210526315789425e-01 4.484210526315789425e-01 4.226315789473684137e-01 2.291919740687459111e+08
4.484210526315789425e-01 4.484210526315789425e-01 4.484210526315789425e-01 2.286430295726363659e+08
4.742105263157894712e-01 2.421052631578947401e-01 2.421052631578947401e-01 2.490754343714531362e+08
4.742105263157894712e-01 2.678947368421052411e-01 2.163157894736842113e-01 2.504125966605290174e+08
4.742105263157894712e-01 2.678947368421052411e-01 2.421052631578947401e-01 2.465377965298371017e+08
4.742105263157894712e-01 2.678947368421052411e-01 2.678947368421052411e-01 2.441199661891794503e+08
4.742105263157894712e-01 2.936842105263157698e-01 1.905263157894736825e-01 2.531307358697945476e+08
4.742105263157894712e-01 2.936842105263157698e-01 2.163157894736842113e-01 2.478814490705686808e+08
4.742105263157894712e-01 2.936842105263157698e-01 2.421052631578947401e-01 2.441602116031777263e+08
4.742105263157894712e-01 2.936842105263157698e-01 2.678947368421052411e-01 2.418279347409516573e+08
4.742105263157894712e-01 2.936842105263157698e-01 2.936842105263157698e-01 2.395977992815902829e+08
4.742105263157894712e-01 3.194736842105262986e-01 1.647368421052631537e-01 2.567044197803565264e+08
4.742105263157894712e-01 3.194736842105262986e-01 1.905263157894736825e-01 2.513084122737411261e+08
4.742105263157894712e-01 3.194736842105262986e-01 2.163157894736842113e-01 2.462202588886819482e+08
4.742105263157894712e-01 3.194736842105262986e-01 2.421052631578947401e-01 2.425905743268919289e+08
4.742105263157894712e-01 3.194736842105262986e-01 2.678947368421052411e-01 2.403095586116545796e+08
4.742105263157894712e-01 3.194736842105262986e-01 2.936842105263157698e-01 2.381167381852992475e+08
4.742105263157894712e-01 3.194736842105262986e-01 3.194736842105262986e-01 2.366582421812105775e+08
4.742105263157894712e-01 3.452631578947368274e-01 1.389473684210526250e-01 2.673978972005997002e+08
4.742105263157894712e-01 3.452631578947368274e-01 1.647368421052631537e-01 2.550383155082403421e+08
4.742105263157894712e-01 3.452631578947368274e-01 1.905263157894736825e-01 2.498169907013123930e+08
4.742105263157894712e-01 3.452631578947368274e-01 2.163157894736842113e-01 2.448392533930905163e+08
4.742105263157894712e-01 3.452631578947368274e-01 2.421052631578947401e-01 2.412729223127403855e+08
4.742105263157894712e-01 3.452631578947368274e-01 2.678947368421052411e-01 2.390275899246509671e+08
4.742105263157894712e-01 3.452631578947368274e-01 2.936842105263157698e-01 2.368609768874512017e+08
4.742105263157894712e-01 3.452631578947368274e-01 3.194736842105262986e-01 2.354183872284994721e+08
4.742105263157894712e-01 3.452631578947368274e-01 3.452631578947368274e-01 2.341898062687566578e+08
4.742105263157894712e-01 3.710526315789473562e-01 1.131578947368420962e-01 2.768623091083468199e+08
4.742105263157894712e-01 3.710526315789473562e-01 1.389473684210526250e-01 2.657969507798483372e+08
4.742105263157894712e-01 3.710526315789473562e-01 1.647368421052631537e-01 2.537382564413351715e+08
4.742105263157894712e-01 3.710526315789473562e-01 1.905263157894736825e-01 2.486324569949028492e+08
4.742105263157894712e-01 3.710526315789473562e-01 2.163157894736842113e-01 2.437288179220143557e+08
4.742105263157894712e-01 3.710526315789473562e-01 2.421052631578947401e-01 2.402053810097873807e+08
4.742105263157894712e-01 3.710526315789473562e-01 2.678947368421052411e-01 2.379843367652531862e+08
4.742105263157894712e-01 3.710526315789473562e-01 2.936842105263157698e-01 2.358357075079478323e+08
4.742105263157894712e-01 3.710526315789473562e-01 3.194736842105262986e-01 2.344040662882273197e+08
4.742105263157894712e-01 3.710526315789473562e-01 3.452631578947368274e-01 2.331832802685363293e+08
4.742105263157894712e-01 3.710526315789473562e-01 3.710526315789473562e-01 2.321821605938836932e+08
4.742105263157894712e-01 3.968421052631578849e-01 8.736842105263156744e-02 3.021352659786670208e+08
4.742105263157894712e-01 3.968421052631578849e-01 1.131578947368420962e-01 2.753623087993165255e+08
4.742105263157894712e-01 3.968421052631578849e-01 1.389473684210526250e-01 2.646330499712836146e+08
4.742105263157894712e-01 3.968421052631578849e-01 1.647368421052631537e-01 2.527641927998766005e+08
4.742105263157894712e-01 3.968421052631578849e-01 1.905263157894736825e-01 2.477319644449501336e+08
4.742105263157894712e-01 3.968421052631578849e-01 2.163157894736842113e-01 2.428761594191505313e+08
4.742105263157894712e-01 3.968421052631578849e-01 2.421052631578947401e-01 2.393806422268039584e+08
4.742105263157894712e-01 3.968421052631578849e-01 2.678947368421052411e-01 2.371754855038797855e+08
4.742105263157894712e-01 3.968421052631578849e-01 2.936842105263157698e-01 2.350387076099118888e+08
4.742105263157894712e-01 3.968421052631578849e-01 3.194736842105262986e-01 2.336142997607605457e+08
4.742105263157894712e-01 3.968421052631578849e-01 3.452631578947368274e-01 2.323986806525693536e+08
4.742105263157894712e-01 3.968421052631578849e-01 3.710526315789473562e-01 2.314011489640093148e+08
4.742105263157894712e-01 3.968421052631578849e-01 3.968421052631578849e-01 2.306225143473365009e+08
4.742105263157894712e-01 4.226315789473684137e-01 6.157894736842105254e-02 3.398189381036645174e+08
4.742105263157894712e-01 4.226315789473684137e-01 8.736842105263156744e-02 3.003321220226647258e+08
4.742105263157894712e-01 4.226315789473684137e-01 1.131578947368420962e-01 2.742351454949376583e+08
4.742105263157894712e-01 4.226315789473684137e-01 1.389473684210526250e-01 2.637124805529975295e+08
4.742105263157894712e-01 4.226315789473684137e-01 1.647368421052631537e-01 2.519638912168471515e+08
4.742105263157894712e-01 4.226315789473684137e-01 1.905263157894736825e-01 2.469787234753309488e+08
4.742105263157894712e-01 4.226315789473684137e-01 2.163157894736842113e-01 2.421540901994053125e+08
4.742105263157894712e-01 4.226315789473684137e-01 2.421052631578947401e-01 2.386769815712997615e+08
4.742105263157894712e-01 4.226315789473684137e-01 2.678947368421052411e-01 2.364823725927560329e+08
4.742105263157894712e-01 4.226315789473684137e-01 2.936842105263157698e-01 2.343535596368599534e+08
4.742105263157894712e-01 4.226315789473684137e-01 3.194736842105262986e-01 2.329340303304722309e+08
4.742105263157894712e-01 4.226315789473684137e-01 3.452631578947368274e-01 2.317219147480741739e+08
4.742105263157894712e-01 4.226315789473684137e-01 3.710526315789473562e-01 2.307268198135499954e+08
4.742105263157894712e-01 4.226315789473684137e-01 3.968421052631578849e-01 2.299497927622908354e+08
4.742105263157894712e-01 4.226315789473684137e-01 4.226315789473684137e-01 2.292781485771906376e+08
4.742105263157894712e-01 4.484210526315789425e-01 3.578947368421052377e-02 4.059714344240353107e+08
4.742105263157894712e-01 4.484210526315789425e-01 6.157894736842105254e-02 3.375216728597106934e+08
4.742105263157894712e-01 4.484210526315789425e-01 8.736842105263156744e-02 2.991843494812619090e+08
4.742105263157894712e-01 4.484210526315789425e-01 1.131578947368420962e-01 2.734365038644630313e+08
4.742105263157894712e-01 4.484210526315789425e-01 1.389473684210526250e-01 2.630231977664080858e+08
4.742105263157894712e-01 4.484210526315789425e-01 1.647368421052631537e-01 2.513407016607066691e+08
4.742105263157894712e-01 4.484210526315789425e-01 1.905263157894736825e-01 2.463816817434760332e+08
4.742105263157894712e-01 4.484210526315789425e-01 2.163157894736842113e-01 2.415748481468324959e+08
4.742105263157894712e-01 4.484210526315789425e-01 2.421052631578947401e-01 2.381084358419634402e+08
4.742105263157894712e-01 4.484210526315789425e-01 2.678947368421052411e-01 2.359200194437852502e+08
4.742105263157894712e-01 4.484210526315789425e-01 2.936842105263157698e-01 2.337959675907830596e+08
4.742105263157894712e-01 4.484210526315789425e-01 3.194736842105262986e-01 2.323793680236638784e+08
4.742105263157894712e-01 4.484210526315789425e-01 3.452631578947368274e-01 2.311693688568204343e+08
4.742105263157894712e-01 4.484210526315789425e-01 3.710526315789473562e-01 2.301757436202779710e+08
4.742105263157894712e-01 4.484210526315789425e-01 3.968421052631578849e-01 2.293996734115620852e+08
4.742105263157894712e-01 4.484210526315789425e-01 4.226315789473684137e-01 2.287286525973125994e+08
4.742105263157894712e-01 4.484210526315789425e-01 4.484210526315789425e-01 2.281794894387124777e+08
4.742105263157894712e-01 4.742105263157894712e-01 1.000000000000000021e-02 4.580677440937500000e+08
4.742105263157894712e-01 4.742105263157894712e-01 3.578947368421052377e-02 4.030708909874056578e+08
4.742105263157894712e-01 4.742105263157894712e-01 6.157894736842105254e-02 3.364919404065399170e+08
4.742105263157894712e-01 4.742105263157894712e-01 8.736842105263156744e-02 2.985073787323938012e+08
4.742105263157894712e-01 4.742105263157894712e-01 1.131578947368420962e-01 2.728763309153352380e+08
4.742105263157894712e-01 4.742105263157894712e-01 1.389473684210526250e-01 2.625012330065300763e+08
4.742105263157894712e-01 4.742105263157894712e-01 1.647368421052631537e-01 2.508444455538297892e+08
4.742105263157894712e-01 4.742105263157894712e-01 1.905263157894736825e-01 2.458958751291193068e+08
4.742105263157894712e-01 4.742105263157894712e-01 2.163157894736842113e-01 2.410967639796949029e+08
4.742105263157894712e-01 4.742105263157894712e-01 2.421052631578947401e-01 2.376352279313033819e+08
4.742105263157894712e-01 4.742105263157894712e-01 2.678947368421052411e-01 2.354497155177985132e+08
4.742105263157894712e-01 4.742105263157894712e-01 2.936842105263157698e-01 2.333280073894073963e+08
4.742105263157894712e-01 4.742105263157894712e-01 3.194736842105262986e-01 2.319128666795929074e+08
4.742105263157894712e-01 4.742105263157894712e-01 3.452631578947368274e-01 2.307039364826895595e+08
4.742105263157894712e-01 4.742105263157894712e-01 3.710526315789473562e-01 2.297110491381723881e+08
4.742105263157894712e-01 4.742105263157894712e-01 3.968421052631578849e-01 2.289354409728899002e+08
4.742105263157894712e-01 4.742105263157894712e-01 4.226315789473684137e-01 2.282646951143577099e+08
4.742105263157894712e-01 4.742105263157894712e-01 4.484210526315789425e-01 2.277156376095009148e+08
4.742105263157894712e-01 4.742105263157894712e-01 4.742105263157894712e-01 2.272517534714090824e+08
5.000000000000000000e-01 2.678947368421052411e-01 2.421052631578947401e-01 2.463251671864479184e+08
5.000000000000000000e-01 2.678947368421052411e-01 2.678947368421052411e-01 2.438492284533810019e+08
5.000000000000000000e-01 2.936842105263157698e-01 2.163157894736842113e-01 2.476793207720192373e+08
5.000000000000000000e-01 2.936842105263157698e-01 2.421052631578947401e-01 2.438872526214517355e+08
5.000000000000000000e-01 2.936842105263157698e-01 2.678947368421052411e-01 2.415162341190700531e+08
5.000000000000000000e-01 2.936842105263157698e-01 2.936842105263157698e-01 2.392586263964732885e+08
5.000000000000000000e-01 3.194736842105262986e-01 1.905263157894736825e-01 2.511384357955959439e+08
5.000000000000000000e-01 3.194736842105262986e-01 2.163157894736842113e-01 2.459603443662641644e+08
5.000000000000000000e-01 3.194736842105262986e-01 2.421052631578947401e-01 2.422811885861129165e+08
5.000000000000000000e-01 3.194736842105262986e-01 2.678947368421052411e-01 2.399729879433444738e+08
5.000000000000000000e-01 3.194736842105262986e-01 2.936842105263157698e-01 2.377608200318023562e+08
5.000000000000000000e-01 3.194736842105262986e-01 3.194736842105262986e-01 2.362904983378471136e+08
5.000000000000000000e-01 3.452631578947368274e-01 1.647368421052631537e-01 2.549038420820032954e+08
5.000000000000000000e-01 3.452631578947368274e-01 1.905263157894736825e-01 2.495783246467546821e+08
5.000000000000000000e-01 3.452631578947368274e-01 2.163157894736842113e-01 2.445382088731197417e+08
5.000000000000000000e-01 3.452631578947368274e-01 2.421052631578947401e-01 2.409374039868187308e+08
5.000000000000000000e-01 3.452631578947368274e-01 2.678947368421052411e-01 2.386730736966193318e+08
5.000000000000000000e-01 3.452631578947368274e-01 2.936842105263157698e-01 2.364929284049733281e+08
5.000000000000000000e-01 3.452631578947368274e-01 3.194736842105262986e-01 2.350420552524459064e+08
5.000000000000000000e-01 3.452631578947368274e-01 3.452631578947368274e-01 2.338074523047031760e+08
5.000000000000000000e-01 3.710526315789473562e-01 1.389473684210526250e-01 2.657699981821846068e+08
5.000000000000000000e-01 3.710526315789473562e-01 1.647368421052631537e-01 2.535214889801313281e+08
5.000000000000000000e-01 3.710526315789473562e-01 1.905263157894736825e-01 2.483444335841254890e+08
5.000000000000000000e-01 3.710526315789473562e-01 2.163157894736842113e-01 2.433979282351743579e+08
5.000000000000000000e-01 3.710526315789473562e-01 2.421052631578947401e-01 2.398507648049797714e+08
5.000000000000000000e-01 3.710526315789473562e-01 2.678947368421052411e-01 2.376166367989400327e+08
5.000000000000000000e-01 3.710526315789473562e-01 2.936842105263157698e-01 2.354587136884714365e+08
5.000000000000000000e-01 3.710526315789473562e-01 3.194736842105262986e-01 2.340213829702517986e+08
5.000000000000000000e-01 3.710526315789473562e-01 3.452631578947368274e-01 2.327964629065576792e+08
5.000000000000000000e-01 3.710526315789473562e-01 3.710526315789473562e-01 2.317922730041046739e+08
5.000000000000000000e-01 3.968421052631578849e-01 1.131578947368420962e-01 2.754549152082456350e+08
5.000000000000000000e-01 3.968421052631578849e-01 1.389473684210526250e-01 2.644835084947788119e+08
5.000000000000000000e-01 3.968421052631578849e-01 1.647368421052631537e-01 2.524879245468163490e+08
5.000000000000000000e-01 3.968421052631578849e-01 1.905263157894736825e-01 2.474078013756744266e+08
5.000000000000000000e-01 3.968421052631578849e-01 2.163157894736842113e-01 2.425232225570905507e+08
5.000000000000000000e-01 3.968421052631578849e-01 2.421052631578947401e-01 2.390118272235077918e+08
5.000000000000000000e-01 3.968421052631578849e-01 2.678947368421052411e-01 2.367979359538639784e+08
5.000000000000000000e-01 3.968421052631578849e-01 2.936842105263157698e-01 2.346550047048048079e+08
5.000000000000000000e-01 3.968421052631578849e-01 3.194736842105262986e-01 2.332268360535109937e+08
5.000000000000000000e-01 3.968421052631578849e-01 3.452631578947368274e-01 2.320084910452667177e+08
5.000000000000000000e-01 3.968421052631578849e-01 3.710526315789473562e-01 2.310089296454261243e+08
5.000000000000000000e-01 3.968421052631578849e-01 3.968421052631578849e-01 2.302287399816923141e+08
5.000000000000000000e-01 4.226315789473684137e-01 8.736842105263156744e-02 3.007409551677749753e+08
5.000000000000000000e-01 4.226315789473684137e-01 1.131578947368420962e-01 2.741390672611881495e+08
5.000000000000000000e-01 4.226315789473684137e-01 1.389473684210526250e-01 2.634671348093332648e+08
5.000000000000000000e-01 4.226315789473684137e-01 1.647368421052631537e-01 2.516402671564319432e+08
5.000000000000000000e-01 4.226315789473684137e-01 1.905263157894736825e-01 2.466254505689358115e+08
5.000000000000000000e-01 4.226315789473684137e-01 2.163157894736842113e-01 2.417832477441924214e+08
5.000000000000000000e-01 4.226315789473684137e-01 2.421052631578947401e-01 2.382965660824505687e+08
5.000000000000000000e-01 4.226315789473684137e-01 2.678947368421052411e-01 2.360967389528824687e+08
5.000000000000000000e-01 4.226315789473684137e-01 2.936842105263157698e-01 2.339643280143432617e+08
5.000000000000000000e-01 4.226315789473684137e-01 3.194736842105262986e-01 2.325426114852883816e+08
5.000000000000000000e-01 4.226315789473684137e-01 3.452631578947368274e-01 2.313289212341573536e+08
5.000000000000000000e-01 4.226315789473684137e-01 3.710526315789473562e-01 2.303326474936408997e+08
5.000000000000000000e-01 4.226315789473684137e-01 3.968421052631578849e-01 2.295546994940285683e+08
5.000000000000000000e-01 4.226315789473684137e-01 4.226315789473684137e-01 2.288822526153385937e+08
5.000000000000000000e-01 4.484210526315789425e-01 6.157894736842105254e-02 3.384788167206555605e+08
5.000000000000000000e-01 4.484210526315789425e-01 8.736842105263156744e-02 2.992039327889503241e+08
5.000000000000000000e-01 4.484210526315789425e-01 1.131578947368420962e-01 2.731927151808926463e+08
5.000000000000000000e-01 4.484210526315789425e-01 1.389473684210526250e-01 2.627009684180536270e+08
5.000000000000000000e-01 4.484210526315789425e-01 1.647368421052631537e-01 2.509785060079537332e+08
5.000000000000000000e-01 4.484210526315789425e-01 1.905263157894736825e-01 2.460044733080611527e+08
5.000000000000000000e-01 4.484210526315789425e-01 2.163157894736842113e-01 2.411891875602401495e+08
5.000000000000000000e-01 4.484210526315789425e-01 2.421052631578947401e-01 2.377183741812124550e+08
5.000000000000000000e-01 4.484210526315789425e-01 2.678947368421052411e-01 2.355276373007845283e+08
5.000000000000000000e-01 4.484210526315789425e-01 2.936842105263157698e-01 2.334021022508719265e+08
5.000000000000000000e-01 4.484210526315789425e-01 3.194736842105262986e-01 2.319846191120629907e+08
5.000000000000000000e-01 4.484210526315789425e-01 3.452631578947368274e-01 2.307739992962436080e+08
5.000000000000000000e-01 4.484210526315789425e-01 3.710526315789473562e-01 2.297798992933661640e+08
5.000000000000000000e-01 4.484210526315789425e-01 3.968421052631578849e-01 2.290034308455100358e+08
5.000000000000000000e-01 4.484210526315789425e-01 4.226315789473684137e-01 2.283320307673857212e+08
5.000000000000000000e-01 4.484210526315789425e-01 4.484210526315789425e-01 2.277824865285490155e+08
5.000000000000000000e-01 4.742105263157894712e-01 3.578947368421052377e-02 4.046292182240745425e+08
5.000000000000000000e-01 4.742105263157894712e-01 6.157894736842105254e-02 3.364570273909701705e+08
5.000000000000000000e-01 4.742105263157894712e-01 8.736842105263156744e-02 2.982078655544220209e+08
5.000000000000000000e-01 4.742105263157894712e-01 1.131578947368420962e-01 2.725073130784607530e+08
5.000000000000000000e-01 4.742105263157894712e-01 1.389473684210526250e-01 2.621126862678830326e+08
5.000000000000000000e-01 4.742105263157894712e-01 1.647368421052631537e-01 2.504486491159649789e+08
5.000000000000000000e-01 4.742105263157894712e-01 1.905263157894736825e-01 2.454976890674539804e+08
5.000000000000000000e-01 4.742105263157894712e-01 2.163157894736842113e-01 2.406980627392941713e+08
5.000000000000000000e-01 4.742105263157894712e-01 2.421052631578947401e-01 2.372366499322336018e+08
5.000000000000000000e-01 4.742105263157894712e-01 2.678947368421052411e-01 2.350513582188977003e+08
5.000000000000000000e-01 4.742105263157894712e-01 2.936842105263157698e-01 2.329300248762723804e+08
5.000000000000000000e-01 4.742105263157894712e-01 3.194736842105262986e-01 2.315151455068341196e+08
5.000000000000000000e-01 4.742105263157894712e-01 3.452631578947368274e-01 2.303064313898628950e+08
5.000000000000000000e-01 4.742105263157894712e-01 3.710526315789473562e-01 2.293136849153723717e+08
5.000000000000000000e-01 4.742105263157894712e-01 3.968421052631578849e-01 2.285381332887516022e+08
5.000000000000000000e-01 4.742105263157894712e-01 4.226315789473684137e-01 2.278673742440619767e+08
5.000000000000000000e-01 4.742105263157894712e-01 4.484210526315789425e-01 2.273182311508418918e+08
5.000000000000000000e-01 4.742105263157894712e-01 4.742105263157894712e-01 2.268541941288141012e+08
5.000000000000000000e-01 5.000000000000000000e-01 1.000000000000000021e-02 4.569622864400163889e+08
5.000000000000000000e-01 5.000000000000000000e-01 3.578947368421052377e-02 4.020407184688352942e+08
5.000000000000000000e-01 5.000000000000000000e-01 6.157894736842105254e-02 3.355526187987478375e+08
5.000000000000000000e-01 5.000000000000000000e-01 8.736842105263156744e-02 2.976199948320372701e+08
5.000000000000000000e-01 5.000000000000000000e-01 1.131578947368420962e-01 2.720237433025446534e+08
5.000000000000000000e-01 5.000000000000000000e-01 1.389473684210526250e-01 2.616631279404872060e+08
5.000000000000000000e-01 5.000000000000000000e-01 1.647368421052631537e-01 2.500218463664862216e+08
5.000000000000000000e-01 5.000000000000000000e-01 1.905263157894736825e-01 2.450801129782935977e+08
5.000000000000000000e-01 5.000000000000000000e-01 2.163157894736842113e-01 2.402872932883333862e+08
5.000000000000000000e-01 5.000000000000000000e-01 2.421052631578947401e-01 2.368301810996428132e+08
5.000000000000000000e-01 5.000000000000000000e-01 2.678947368421052411e-01 2.346474564129431844e+08
5.000000000000000000e-01 5.000000000000000000e-01 2.936842105263157698e-01 2.325282116589008272e+08
5.000000000000000000e-01 5.000000000000000000e-01 3.194736842105262986e-01 2.311146476808417141e+08
5.000000000000000000e-01 5.000000000000000000e-01 3.452631578947368274e-01 2.299069176648255587e+08
5.000000000000000000e-01 5.000000000000000000e-01 3.710526315789473562e-01 2.289148746903007329e+08
5.000000000000000000e-01 5.000000000000000000e-01 3.968421052631578849e-01 2.281397926563522816e+08
5.000000000000000000e-01 5.000000000000000000e-01 4.226315789473684137e-01 2.274693504299651086e+08
5.000000000000000000e-01 5.000000000000000000e-01 4.484210526315789425e-01 2.269203854984029531e+08
5.000000000000000000e-01 5.000000000000000000e-01 4.742105263157894712e-01 2.264564167777251899e+08
5.000000000000000000e-01 5.000000000000000000e-01 5.000000000000000000e-01 2.260586141032506526e+08
