1.000000000000000021e-02 1.000000000000000021e-02 1.000000000000000021e-02 6.395853488905112743e+08
3.578947368421052377e-02 3.578947368421052377e-02 1.000000000000000021e-02 5.530952998374681473e+08
3.578947368421052377e-02 3.578947368421052377e-02 3.578947368421052377e-02 4.806561277538636327e+08
6.157894736842105254e-02 3.578947368421052377e-02 3.578947368421052377e-02 4.945492080467060208e+08
6.157894736842105254e-02 6.157894736842105254e-02 1.000000000000000021e-02 4.330907498789901733e+08
6.157894736842105254e-02 6.157894736842105254e-02 3.578947368421052377e-02 3.728208465198695064e+08
6.157894736842105254e-02 6.157894736842105254e-02 6.157894736842105254e-02 3.095790934285171628e+08
8.736842105263156744e-02 6.157894736842105254e-02 3.578947368421052377e-02 3.930415974659637809e+08
8.736842105263156744e-02 6.157894736842105254e-02 6.157894736842105254e-02 2.902467715233573318e+08
8.736842105263156744e-02 8.736842105263156744e-02 1.000000000000000021e-02 3.614478249143815041e+08
8.736842105263156744e-02 8.736842105263156744e-02 3.578947368421052377e-02 3.114159596241314411e+08
8.736842105263156744e-02 8.736842105263156744e-02 6.157894736842105254e-02 2.530832282456483841e+08
8.736842105263156744e-02 8.736842105263156744e-02 8.736842105263156744e-02 2.224272253917696476e+08
1.131578947368420962e-01 6.157894736842105254e-02 6.157894736842105254e-02 3.095341860306435227e+08
1.131578947368420962e-01 8.736842105263156744e-02 3.578947368421052377e-02 3.284651898571337461e+08
1.131578947368420962e-01 8.736842105263156744e-02 6.157894736842105254e-02 2.428846644364357591e+08
1.131578947368420962e-01 8.736842105263156744e-02 8.736842105263156744e-02 2.066366420158351064e+08
1.131578947368420962e-01 1.131578947368420962e-01 1.000000000000000021e-02 3.118782741548678279e+08
1.131578947368420962e-01 1.131578947368420962e-01 3.578947368421052377e-02 2.681141695947577953e+08
1.131578947368420962e-01 1.131578947368420962e-01 6.157894736842105254e-02 2.158280895410645008e+08
1.131578947368420962e-01 1.131578947368420962e-01 8.736842105263156744e-02 1.865345004161693454e+08
1.131578947368420962e-01 1.131578947368420962e-01 1.131578947368420962e-01 1.679504265521289706e+08
1.389473684210526250e-01 8.736842105263156744e-02 6.157894736842105254e-02 2.587473685183351040e+08
1.389473684210526250e-01 8.736842105263156744e-02 8.736842105263156744e-02 2.068573459367297888e+08
1.389473684210526250e-01 1.131578947368420962e-01 3.578947368421052377e-02 2.810788082645977139e+08
1.389473684210526250e-01 1.131578947368420962e-01 6.157894736842105254e-02 2.130199054066753983e+08
1.389473684210526250e-01 1.131578947368420962e-01 8.736842105263156744e-02 1.810811117080433667e+08
1.389473684210526250e-01 1.131578947368420962e-01 1.131578947368420962e-01 1.614119409268540740e+08
1.389473684210526250e-01 1.389473684210526250e-01 1.000000000000000021e-02 2.914467516248607039e+08
1.389473684210526250e-01 1.389473684210526250e-01 3.578947368421052377e-02 2.502007418016068339e+08
1.389473684210526250e-01 1.389473684210526250e-01 6.157894736842105254e-02 2.006020759192923307e+08
1.389473684210526250e-01 1.389473684210526250e-01 8.736842105263156744e-02 1.724939160577198267e+08
1.389473684210526250e-01 1.389473684210526250e-01 1.131578947368420962e-01 1.540217457931798697e+08
1.389473684210526250e-01 1.389473684210526250e-01 1.389473684210526250e-01 1.467768520060049593e+08
1.647368421052631537e-01 8.736842105263156744e-02 8.736842105263156744e-02 2.144102275435231924e+08
1.647368421052631537e-01 1.131578947368420962e-01 6.157894736842105254e-02 2.211623482363755107e+08
1.647368421052631537e-01 1.131578947368420962e-01 8.736842105263156744e-02 1.787039408777214885e+08
1.647368421052631537e-01 1.131578947368420962e-01 1.131578947368420962e-01 1.557576251640018821e+08
1.647368421052631537e-01 1.389473684210526250e-01 3.578947368421052377e-02 2.631010950827992558e+08
1.647368421052631537e-01 1.389473684210526250e-01 6.157894736842105254e-02 1.968945795974041522e+08
1.647368421052631537e-01 1.389473684210526250e-01 8.736842105263156744e-02 1.662174885298554301e+08
1.647368421052631537e-01 1.389473684210526250e-01 1.131578947368420962e-01 1.470169617841579318e+08
1.647368421052631537e-01 1.389473684210526250e-01 1.389473684210526250e-01 1.393960525507654846e+08
1.647368421052631537e-01 1.647368421052631537e-01 1.000000000000000021e-02 2.684433956934114099e+08
1.647368421052631537e-01 1.647368421052631537e-01 3.578947368421052377e-02 2.297445322382338643e+08
1.647368421052631537e-01 1.647368421052631537e-01 6.157894736842105254e-02 1.830519507696581483e+08
1.647368421052631537e-01 1.647368421052631537e-01 8.736842105263156744e-02 1.564656347970829010e+08
1.647368421052631537e-01 1.647368421052631537e-01 1.131578947368420962e-01 1.387248824174796641e+08
1.647368421052631537e-01 1.647368421052631537e-01 1.389473684210526250e-01 1.315373390302903354e+08
1.647368421052631537e-01 1.647368421052631537e-01 1.647368421052631537e-01 1.238283051432541311e+08
1.905263157894736825e-01 1.131578947368420962e-01 8.736842105263156744e-02 1.844552114260532260e+08
1.905263157894736825e-01 1.131578947368420962e-01 1.131578947368420962e-01 1.559684539270389676e+08
1.905263157894736825e-01 1.389473684210526250e-01 6.157894736842105254e-02 2.058457886469894052e+08
1.905263157894736825e-01 1.389473684210526250e-01 8.736842105263156744e-02 1.670342181239864230e+08
1.905263157894736825e-01 1.389473684210526250e-01 1.131578947368420962e-01 1.454184441068744957e+08
1.905263157894736825e-01 1.389473684210526250e-01 1.389473684210526250e-01 1.369890080342989564e+08
1.905263157894736825e-01 1.647368421052631537e-01 3.578947368421052377e-02 2.385737291499496102e+08
1.905263157894736825e-01 1.647368421052631537e-01 6.157894736842105254e-02 1.821383845322546363e+08
1.905263157894736825e-01 1.647368421052631537e-01 8.736842105263156744e-02 1.540140536290020347e+08
1.905263157894736825e-01 1.647368421052631537e-01 1.131578947368420962e-01 1.358695566365812421e+08
1.905263157894736825e-01 1.647368421052631537e-01 1.389473684210526250e-01 1.285443013425461352e+08
1.905263157894736825e-01 1.647368421052631537e-01 1.647368421052631537e-01 1.207060157086784840e+08
1.905263157894736825e-01 1.905263157894736825e-01 1.000000000000000021e-02 2.585380155059601665e+08
1.905263157894736825e-01 1.905263157894736825e-01 3.578947368421052377e-02 2.209277127126006484e+08
1.905263157894736825e-01 1.905263157894736825e-01 6.157894736842105254e-02 1.754942216412425041e+08
1.905263157894736825e-01 1.905263157894736825e-01 8.736842105263156744e-02 1.495972783772999942e+08
1.905263157894736825e-01 1.905263157894736825e-01 1.131578947368420962e-01 1.322368464886710793e+08
1.905263157894736825e-01 1.905263157894736825e-01 1.389473684210526250e-01 1.251664619030768275e+08
1.905263157894736825e-01 1.905263157894736825e-01 1.647368421052631537e-01 1.174588570107570589e+08
1.905263157894736825e-01 1.905263157894736825e-01 1.905263157894736825e-01 1.142206945410587788e+08
2.163157894736842113e-01 1.131578947368420962e-01 1.131578947368420962e-01 1.585356240358601213e+08
2.163157894736842113e-01 1.389473684210526250e-01 8.736842105263156744e-02 1.711831978464958668e+08
2.163157894736842113e-01 1.389473684210526250e-01 1.131578947368420962e-01 1.451887475090804100e+08
2.163157894736842113e-01 1.389473684210526250e-01 1.389473684210526250e-01 1.353942788237729073e+08
2.163157894736842113e-01 1.647368421052631537e-01 6.157894736842105254e-02 1.876644648848316669e+08
2.163157894736842113e-01 1.647368421052631537e-01 8.736842105263156744e-02 1.537372538291543126e+08
2.163157894736842113e-01 1.647368421052631537e-01 1.131578947368420962e-01 1.339412900682999492e+08
2.163157894736842113e-01 1.647368421052631537e-01 1.389473684210526250e-01 1.260995333888367712e+08
2.163157894736842113e-01 1.647368421052631537e-01 1.647368421052631537e-01 1.179376700086356699e+08
2.163157894736842113e-01 1.905263157894736825e-01 3.578947368421052377e-02 2.295164223309710622e+08
2.163157894736842113e-01 1.905263157894736825e-01 6.157894736842105254e-02 1.745693890445279777e+08
2.163157894736842113e-01 1.905263157894736825e-01 8.736842105263156744e-02 1.471838213286431432e+08
2.163157894736842113e-01 1.905263157894736825e-01 1.131578947368420962e-01 1.294604305643774271e+08
2.163157894736842113e-01 1.905263157894736825e-01 1.389473684210526250e-01 1.222852453624611944e+08
2.163157894736842113e-01 1.905263157894736825e-01 1.647368421052631537e-01 1.145131218108675480e+08
2.163157894736842113e-01 1.905263157894736825e-01 1.905263157894736825e-01 1.112206746176792681e+08
2.163157894736842113e-01 2.163157894736842113e-01 1.000000000000000021e-02 2.489557700821387172e+08
2.163157894736842113e-01 2.163157894736842113e-01 3.578947368421052377e-02 2.123539426243483424e+08
2.163157894736842113e-01 2.163157894736842113e-01 6.157894736842105254e-02 1.681072751440213323e+08
2.163157894736842113e-01 2.163157894736842113e-01 8.736842105263156744e-02 1.428748844371256828e+08
2.163157894736842113e-01 2.163157894736842113e-01 1.131578947368420962e-01 1.259173467527036667e+08
2.163157894736842113e-01 2.163157894736842113e-01 1.389473684210526250e-01 1.190006541608508527e+08
2.163157894736842113e-01 2.163157894736842113e-01 1.647368421052631537e-01 1.113905816915200800e+08
2.163157894736842113e-01 2.163157894736842113e-01 1.905263157894736825e-01 1.081477244791453481e+08
2.163157894736842113e-01 2.163157894736842113e-01 2.163157894736842113e-01 1.050855127722788155e+08
2.421052631578947401e-01 1.389473684210526250e-01 1.131578947368420962e-01 1.472569265745732784e+08
2.421052631578947401e-01 1.389473684210526250e-01 1.389473684210526250e-01 1.354168331331556737e+08
2.421052631578947401e-01 1.647368421052631537e-01 8.736842105263156744e-02 1.564967886616248488e+08
2.421052631578947401e-01 1.647368421052631537e-01 1.131578947368420962e-01 1.336993975504230708e+08
2.421052631578947401e-01 1.647368421052631537e-01 1.389473684210526250e-01 1.249490221039326489e+08
2.421052631578947401e-01 1.647368421052631537e-01 1.647368421052631537e-01 1.162599535513144433e+08
2.421052631578947401e-01 1.905263157894736825e-01 6.157894736842105254e-02 1.798071160441377759e+08
2.421052631578947401e-01 1.905263157894736825e-01 8.736842105263156744e-02 1.473773487064291537e+08
2.421052631578947401e-01 1.905263157894736825e-01 1.131578947368420962e-01 1.282287575575823486e+08
2.421052631578947401e-01 1.905263157894736825e-01 1.389473684210526250e-01 1.206204602069526464e+08
2.421052631578947401e-01 1.905263157894736825e-01 1.647368421052631537e-01 1.126002309863339961e+08
2.421052631578947401e-01 1.905263157894736825e-01 1.905263157894736825e-01 1.091935092300844193e+08
2.421052631578947401e-01 2.163157894736842113e-01 3.578947368421052377e-02 2.195676494619554281e+08
2.421052631578947401e-01 2.163157894736842113e-01 6.157894736842105254e-02 1.676303539067195058e+08
2.421052631578947401e-01 2.163157894736842113e-01 8.736842105263156744e-02 1.411834362492146492e+08
2.421052631578947401e-01 2.163157894736842113e-01 1.131578947368420962e-01 1.239310441863108277e+08
2.421052631578947401e-01 2.163157894736842113e-01 1.389473684210526250e-01 1.169352274965195954e+08
2.421052631578947401e-01 2.163157894736842113e-01 1.647368421052631537e-01 1.092898509175750613e+08
2.421052631578947401e-01 2.163157894736842113e-01 1.905263157894736825e-01 1.060248259762791246e+08
2.421052631578947401e-01 2.163157894736842113e-01 2.163157894736842113e-01 1.029362986639338881e+08
2.421052631578947401e-01 2.421052631578947401e-01 1.000000000000000021e-02 2.420251014740675092e+08
2.421052631578947401e-01 2.421052631578947401e-01 3.578947368421052377e-02 2.061393746958964169e+08
2.421052631578947401e-01 2.421052631578947401e-01 6.157894736842105254e-02 1.627418118500557244e+08
2.421052631578947401e-01 2.421052631578947401e-01 8.736842105263156744e-02 1.379898663623270392e+08
2.421052631578947401e-01 2.421052631578947401e-01 1.131578947368420962e-01 1.213346000354822725e+08
2.421052631578947401e-01 2.421052631578947401e-01 1.389473684210526250e-01 1.145417820808324814e+08
2.421052631578947401e-01 2.421052631578947401e-01 1.647368421052631537e-01 1.070305495938433409e+08
2.421052631578947401e-01 2.421052631578947401e-01 1.905263157894736825e-01 1.038151779038621783e+08
2.421052631578947401e-01 2.421052631578947401e-01 2.163157894736842113e-01 1.007528886183445305e+08
2.421052631578947401e-01 2.421052631578947401e-01 2.421052631578947401e-01 9.857310408094722033e+07
2.678947368421052411e-01 1.389473684210526250e-01 1.389473684210526250e-01 1.370998290777926445e+08
2.678947368421052411e-01 1.647368421052631537e-01 1.131578947368420962e-01 1.351321370310173631e+08
2.678947368421052411e-01 1.647368421052631537e-01 1.389473684210526250e-01 1.250392424218964577e+08
2.678947368421052411e-01 1.647368421052631537e-01 1.647368421052631537e-01 1.156047712456201613e+08
2.678947368421052411e-01 1.905263157894736825e-01 8.736842105263156744e-02 1.499951251501822174e+08
2.678947368421052411e-01 1.905263157894736825e-01 1.131578947368420962e-01 1.284095357039813101e+08
2.678947368421052411e-01 1.905263157894736825e-01 1.389473684210526250e-01 1.200715393543473929e+08
2.678947368421052411e-01 1.905263157894736825e-01 1.647368421052631537e-01 1.116414661130599082e+08
2.678947368421052411e-01 1.905263157894736825e-01 1.905263157894736825e-01 1.080659850013999939e+08
2.678947368421052411e-01 2.163157894736842113e-01 6.157894736842105254e-02 1.719334476139190793e+08
2.678947368421052411e-01 2.163157894736842113e-01 8.736842105263156744e-02 1.416133117336905003e+08
2.678947368421052411e-01 2.163157894736842113e-01 1.131578947368420962e-01 1.232674264632911384e+08
2.678947368421052411e-01 2.163157894736842113e-01 1.389473684210526250e-01 1.159430855844474882e+08
2.678947368421052411e-01 2.163157894736842113e-01 1.647368421052631537e-01 1.081166734700003713e+08
2.678947368421052411e-01 2.163157894736842113e-01 1.905263157894736825e-01 1.047763252868000418e+08
2.678947368421052411e-01 2.163157894736842113e-01 2.163157894736842113e-01 1.016323651141363382e+08
2.678947368421052411e-01 2.421052631578947401e-01 3.578947368421052377e-02 2.118182524682448506e+08
2.678947368421052411e-01 2.421052631578947401e-01 6.157894736842105254e-02 1.626572828604139686e+08
2.678947368421052411e-01 2.421052631578947401e-01 8.736842105263156744e-02 1.369809739147817194e+08
2.678947368421052411e-01 2.421052631578947401e-01 1.131578947368420962e-01 1.200956003729970455e+08
2.678947368421052411e-01 2.421052631578947401e-01 1.389473684210526250e-01 1.132414402501748055e+08
2.678947368421052411e-01 2.421052631578947401e-01 1.647368421052631537e-01 1.057054663195953667e+08
2.678947368421052411e-01 2.421052631578947401e-01 1.905263157894736825e-01 1.024788237036748827e+08
2.678947368421052411e-01 2.421052631578947401e-01 2.163157894736842113e-01 9.940597157732951641e+07
2.678947368421052411e-01 2.421052631578947401e-01 2.421052631578947401e-01 9.721342613024781644e+07
2.678947368421052411e-01 2.678947368421052411e-01 1.000000000000000021e-02 2.376066549479801655e+08
2.678947368421052411e-01 2.678947368421052411e-01 3.578947368421052377e-02 2.021735015472133458e+08
2.678947368421052411e-01 2.678947368421052411e-01 6.157894736842105254e-02 1.593144712228896618e+08
2.678947368421052411e-01 2.678947368421052411e-01 8.736842105263156744e-02 1.348688331211144924e+08
2.678947368421052411e-01 2.678947368421052411e-01 1.131578947368420962e-01 1.184095435332293808e+08
2.678947368421052411e-01 2.678947368421052411e-01 1.389473684210526250e-01 1.116996130740695000e+08
2.678947368421052411e-01 2.678947368421052411e-01 1.647368421052631537e-01 1.042596900839843154e+08
2.678947368421052411e-01 2.678947368421052411e-01 1.905263157894736825e-01 1.010708320125595629e+08
2.678947368421052411e-01 2.678947368421052411e-01 2.163157894736842113e-01 9.802126490813937783e+07
2.678947368421052411e-01 2.678947368421052411e-01 2.421052631578947401e-01 9.583805714831709862e+07
2.678947368421052411e-01 2.678947368421052411e-01 2.678947368421052411e-01 9.446236858326254785e+07
2.936842105263157698e-01 1.647368421052631537e-01 1.389473684210526250e-01 1.258022655410890877e+08
2.936842105263157698e-01 1.647368421052631537e-01 1.647368421052631537e-01 1.153158706587451696e+08
2.936842105263157698e-01 1.905263157894736825e-01 1.131578947368420962e-01 1.294326416688173860e+08
2.936842105263157698e-01 1.905263157894736825e-01 1.389473684210526250e-01 1.199770172611423731e+08
2.936842105263157698e-01 1.905263157894736825e-01 1.647368421052631537e-01 1.109400527319107950e+08
2.936842105263157698e-01 1.905263157894736825e-01 1.905263157894736825e-01 1.071239204405830503e+08
2.936842105263157698e-01 2.163157894736842113e-01 8.736842105263156744e-02 1.435440741904322207e+08
2.936842105263157698e-01 2.163157894736842113e-01 1.131578947368420962e-01 1.232066920899442136e+08
2.936842105263157698e-01 2.163157894736842113e-01 1.389473684210526250e-01 1.152904752842783630e+08
2.936842105263157698e-01 2.163157894736842113e-01 1.647368421052631537e-01 1.071418823739593476e+08
2.936842105263157698e-01 2.163157894736842113e-01 1.905263157894736825e-01 1.036731487680017650e+08
2.936842105263157698e-01 2.163157894736842113e-01 2.163157894736842113e-01 1.004430049976805598e+08
2.936842105263157698e-01 2.421052631578947401e-01 6.157894736842105254e-02 1.661386953011562228e+08
2.936842105263157698e-01 2.421052631578947401e-01 8.736842105263156744e-02 1.371654974039367437e+08
2.936842105263157698e-01 2.421052631578947401e-01 1.131578947368420962e-01 1.193602835685458481e+08
2.936842105263157698e-01 2.421052631578947401e-01 1.389473684210526250e-01 1.122327723048536777e+08
2.936842105263157698e-01 2.421052631578947401e-01 1.647368421052631537e-01 1.045535157089903504e+08
2.936842105263157698e-01 2.421052631578947401e-01 1.905263157894736825e-01 1.012699067903206497e+08
2.936842105263157698e-01 2.421052631578947401e-01 2.163157894736842113e-01 9.815905461136335135e+07
2.936842105263157698e-01 2.421052631578947401e-01 2.421052631578947401e-01 9.593990684929950535e+07
2.936842105263157698e-01 2.678947368421052411e-01 3.578947368421052377e-02 2.077227893238315582e+08
2.936842105263157698e-01 2.678947368421052411e-01 6.157894736842105254e-02 1.592399121421596408e+08
2.936842105263157698e-01 2.678947368421052411e-01 8.736842105263156744e-02 1.338922186745338440e+08
2.936842105263157698e-01 2.678947368421052411e-01 1.131578947368420962e-01 1.172104832202446759e+08
2.936842105263157698e-01 2.678947368421052411e-01 1.389473684210526250e-01 1.104418021693984866e+08
2.936842105263157698e-01 2.678947368421052411e-01 1.647368421052631537e-01 1.029821845195642561e+08
2.936842105263157698e-01 2.678947368421052411e-01 1.905263157894736825e-01 9.978589472219802439e+07
2.936842105263157698e-01 2.678947368421052411e-01 2.163157894736842113e-01 9.673177634718132019e+07
2.936842105263157698e-01 2.678947368421052411e-01 2.421052631578947401e-01 9.454319018951347470e+07
2.936842105263157698e-01 2.678947368421052411e-01 2.678947368421052411e-01 9.316031799392721057e+07
2.936842105263157698e-01 2.936842105263157698e-01 1.000000000000000021e-02 2.333542657032864094e+08
2.936842105263157698e-01 2.936842105263157698e-01 3.578947368421052377e-02 1.983495651363434792e+08
2.936842105263157698e-01 2.936842105263157698e-01 6.157894736842105254e-02 1.560028221019500494e+08
2.936842105263157698e-01 2.936842105263157698e-01 8.736842105263156744e-02 1.318492545285375714e+08
2.936842105263157698e-01 2.936842105263157698e-01 1.131578947368420962e-01 1.155800491466601789e+08
2.936842105263157698e-01 2.936842105263157698e-01 1.389473684210526250e-01 1.089506676346836239e+08
2.936842105263157698e-01 2.936842105263157698e-01 1.647368421052631537e-01 1.015860517192575336e+08
2.936842105263157698e-01 2.936842105263157698e-01 1.905263157894736825e-01 9.842824204903204739e+07
2.936842105263157698e-01 2.936842105263157698e-01 2.163157894736842113e-01 9.540035798375359178e+07
2.936842105263157698e-01 2.936842105263157698e-01 2.421052631578947401e-01 9.322564719229704142e+07
2.936842105263157698e-01 2.936842105263157698e-01 2.678947368421052411e-01 9.184812459214413166e+07
2.936842105263157698e-01 2.936842105263157698e-01 2.936842105263157698e-01 9.053658742212215066e+07
3.194736842105262986e-01 1.647368421052631537e-01 1.647368421052631537e-01 1.157772008254885972e+08
3.194736842105262986e-01 1.905263157894736825e-01 1.389473684210526250e-01 1.207216225177686363e+08
3.194736842105262986e-01 1.905263157894736825e-01 1.647368421052631537e-01 1.108653724686440825e+08
3.194736842105262986e-01 1.905263157894736825e-01 1.905263157894736825e-01 1.067341030144634545e+08
3.194736842105262986e-01 2.163157894736842113e-01 1.131578947368420962e-01 1.241122106362998188e+08
3.194736842105262986e-01 2.163157894736842113e-01 1.389473684210526250e-01 1.153383770747242719e+08
3.194736842105262986e-01 2.163157894736842113e-01 1.647368421052631537e-01 1.067291517655147314e+08
3.194736842105262986e-01 2.163157894736842113e-01 1.905263157894736825e-01 1.030816435035434216e+08
3.194736842105262986e-01 2.163157894736842113e-01 2.163157894736842113e-01 9.973627905956634879e+07
3.194736842105262986e-01 2.421052631578947401e-01 8.736842105263156744e-02 1.388456643382252157e+08
3.194736842105262986e-01 2.421052631578947401e-01 1.131578947368420962e-01 1.194637501286783218e+08
3.194736842105262986e-01 2.421052631578947401e-01 1.389473684210526250e-01 1.118687128330451846e+08
3.194736842105262986e-01 2.421052631578947401e-01 1.647368421052631537e-01 1.039373178082054257e+08
3.194736842105262986e-01 2.421052631578947401e-01 1.905263157894736825e-01 1.005555443161163777e+08
3.194736842105262986e-01 2.421052631578947401e-01 2.163157894736842113e-01 9.738153046352675557e+07
3.194736842105262986e-01 2.421052631578947401e-01 2.421052631578947401e-01 9.512323279036314785e+07
3.194736842105262986e-01 2.678947368421052411e-01 6.157894736842105254e-02 1.624554201536875963e+08
3.194736842105262986e-01 2.678947368421052411e-01 8.736842105263156744e-02 1.342953807739159763e+08
3.194736842105262986e-01 2.678947368421052411e-01 1.131578947368420962e-01 1.168239869317946732e+08
3.194736842105262986e-01 2.678947368421052411e-01 1.389473684210526250e-01 1.098199434329639077e+08
3.194736842105262986e-01 2.678947368421052411e-01 1.647368421052631537e-01 1.022367313104968071e+08
3.194736842105262986e-01 2.678947368421052411e-01 1.905263157894736825e-01 9.899259503980839252e+07
3.194736842105262986e-01 2.678947368421052411e-01 2.163157894736842113e-01 9.590821776660177112e+07
3.194736842105262986e-01 2.678947368421052411e-01 2.421052631578947401e-01 9.370054038502112031e+07
3.194736842105262986e-01 2.678947368421052411e-01 2.678947368421052411e-01 9.230432624868926406e+07
3.194736842105262986e-01 2.936842105263157698e-01 3.578947368421052377e-02 2.027688013024002910e+08
3.194736842105262986e-01 2.936842105263157698e-01 6.157894736842105254e-02 1.560915817405335307e+08
3.194736842105262986e-01 2.936842105263157698e-01 8.736842105263156744e-02 1.312353338499661535e+08
3.194736842105262986e-01 2.936842105263157698e-01 1.131578947368420962e-01 1.147887006376376003e+08
3.194736842105262986e-01 2.936842105263157698e-01 1.389473684210526250e-01 1.081116499620559961e+08
3.194736842105262986e-01 2.936842105263157698e-01 1.647368421052631537e-01 1.007302717508738041e+08
3.194736842105262986e-01 2.936842105263157698e-01 1.905263157894736825e-01 9.756683907287526131e+07
3.194736842105262986e-01 2.936842105263157698e-01 2.163157894736842113e-01 9.453648932564498484e+07
3.194736842105262986e-01 2.936842105263157698e-01 2.421052631578947401e-01 9.235962051454870403e+07
3.194736842105262986e-01 2.936842105263157698e-01 2.678947368421052411e-01 9.097933915052431822e+07
3.194736842105262986e-01 2.936842105263157698e-01 2.936842105263157698e-01 8.966377291677616537e+07
3.194736842105262986e-01 3.194736842105262986e-01 1.000000000000000021e-02 2.304884974316298366e+08
3.194736842105262986e-01 3.194736842105262986e-01 3.578947368421052377e-02 1.957710620476705432e+08
3.194736842105262986e-01 3.194736842105262986e-01 6.157894736842105254e-02 1.537683592185063064e+08
3.194736842105262986e-01 3.194736842105262986e-01 8.736842105263156744e-02 1.298112792476161122e+08
3.194736842105262986e-01 3.194736842105262986e-01 1.131578947368420962e-01 1.136708017315215468e+08
3.194736842105262986e-01 3.194736842105262986e-01 1.389473684210526250e-01 1.070963860932626128e+08
3.194736842105262986e-01 3.194736842105262986e-01 1.647368421052631537e-01 9.978446038674755394e+07
3.194736842105262986e-01 3.194736842105262986e-01 1.905263157894736825e-01 9.664947011041826010e+07
3.194736842105262986e-01 3.194736842105262986e-01 2.163157894736842113e-01 9.363900046492913365e+07
3.194736842105262986e-01 3.194736842105262986e-01 2.421052631578947401e-01 9.147344794986155629e+07
3.194736842105262986e-01 3.194736842105262986e-01 2.678947368421052411e-01 9.009866064645767212e+07
3.194736842105262986e-01 3.194736842105262986e-01 2.936842105263157698e-01 8.878575489581525326e+07
3.194736842105262986e-01 3.194736842105262986e-01 3.194736842105262986e-01 8.790744874548356235e+07
3.452631578947368274e-01 1.905263157894736825e-01 1.647368421052631537e-01 1.111758303653342724e+08
3.452631578947368274e-01 1.905263157894736825e-01 1.905263157894736825e-01 1.066289590502230376e+08
3.452631578947368274e-01 2.163157894736842113e-01 1.389473684210526250e-01 1.158481043760529459e+08
3.452631578947368274e-01 2.163157894736842113e-01 1.647368421052631537e-01 1.066072386642837226e+08
3.452631578947368274e-01 2.163157894736842113e-01 1.905263157894736825e-01 1.027188542722759545e+08
3.452631578947368274e-01 2.163157894736842113e-01 2.163157894736842113e-01 9.922253959304702282e+07
3.452631578947368274e-01 2.421052631578947401e-01 1.131578947368420962e-01 1.201567277871807963e+08
3.452631578947368274e-01 2.421052631578947401e-01 1.389473684210526250e-01 1.118666374005132914e+08
3.452631578947368274e-01 2.421052631578947401e-01 1.647368421052631537e-01 1.035658057617875189e+08
3.452631578947368274e-01 2.421052631578947401e-01 1.905263157894736825e-01 1.000420590860912800e+08
3.452631578947368274e-01 2.421052631578947401e-01 2.163157894736842113e-01 9.677876984274545312e+07
3.452631578947368274e-01 2.421052631578947401e-01 2.421052631578947401e-01 9.446758691568392515e+07
3.452631578947368274e-01 2.678947368421052411e-01 8.736842105263156744e-02 1.357764203042635620e+08
3.452631578947368274e-01 2.678947368421052411e-01 1.131578947368420962e-01 1.169281776317348778e+08
3.452631578947368274e-01 2.678947368421052411e-01 1.389473684210526250e-01 1.095165094468398392e+08
3.452631578947368274e-01 2.678947368421052411e-01 1.647368421052631537e-01 1.017158179849503487e+08
3.452631578947368274e-01 2.678947368421052411e-01 1.905263157894736825e-01 9.838788482730871439e+07
3.452631578947368274e-01 2.678947368421052411e-01 2.163157894736842113e-01 9.525112083449444175e+07
3.452631578947368274e-01 2.678947368421052411e-01 2.421052631578947401e-01 9.301235895053279400e+07
3.452631578947368274e-01 2.678947368421052411e-01 2.678947368421052411e-01 9.159679311555773020e+07
3.452631578947368274e-01 2.936842105263157698e-01 6.157894736842105254e-02 1.587421329324098825e+08
3.452631578947368274e-01 2.936842105263157698e-01 8.736842105263156744e-02 1.315450258515200913e+08
3.452631578947368274e-01 2.936842105263157698e-01 1.131578947368420962e-01 1.144435521303427219e+08
3.452631578947368274e-01 2.936842105263157698e-01 1.389473684210526250e-01 1.075719063399057090e+08
3.452631578947368274e-01 2.936842105263157698e-01 1.647368421052631537e-01 1.000902204745389372e+08
3.452631578947368274e-01 2.936842105263157698e-01 1.905263157894736825e-01 9.688855523609641194e+07
3.452631578947368274e-01 2.936842105263157698e-01 2.163157894736842113e-01 9.383514169914151728e+07
3.452631578947368274e-01 2.936842105263157698e-01 2.421052631578947401e-01 9.164463838259822130e+07
3.452631578947368274e-01 2.936842105263157698e-01 2.678947368421052411e-01 9.025557160093383491e+07
3.452631578947368274e-01 2.936842105263157698e-01 2.936842105263157698e-01 8.893222419125796854e+07
3.452631578947368274e-01 3.194736842105262986e-01 3.578947368421052377e-02 1.997996751231437325e+08
3.452631578947368274e-01 3.194736842105262986e-01 6.157894736842105254e-02 1.538958838074948788e+08
3.452631578947368274e-01 3.194736842105262986e-01 8.736842105263156744e-02 1.293030933272209615e+08
3.452631578947368274e-01 3.194736842105262986e-01 1.131578947368420962e-01 1.130010699941141009e+08
3.452631578947368274e-01 3.194736842105262986e-01 1.389473684210526250e-01 1.063829006257726848e+08
3.452631578947368274e-01 3.194736842105262986e-01 1.647368421052631537e-01 9.905585801411372423e+07
3.452631578947368274e-01 3.194736842105262986e-01 1.905263157894736825e-01 9.591604200645017624e+07
3.452631578947368274e-01 3.194736842105262986e-01 2.163157894736842113e-01 9.290415984363044798e+07
3.452631578947368274e-01 3.194736842105262986e-01 2.421052631578947401e-01 9.073785213822320104e+07
3.452631578947368274e-01 3.194736842105262986e-01 2.678947368421052411e-01 8.936201631654277444e+07
3.452631578947368274e-01 3.194736842105262986e-01 2.936842105263157698e-01 8.804746084267538786e+07
3.452631578947368274e-01 3.194736842105262986e-01 3.194736842105262986e-01 8.716676033011354506e+07
3.452631578947368274e-01 3.452631578947368274e-01 1.000000000000000021e-02 2.280476204064052701e+08
3.452631578947368274e-01 3.452631578947368274e-01 3.578947368421052377e-02 1.935729852306753397e+08
3.452631578947368274e-01 3.452631578947368274e-01 6.157894736842105254e-02 1.518616640697269440e+08
3.452631578947368274e-01 3.452631578947368274e-01 8.736842105263156744e-02 1.280710970501848459e+08
3.452631578947368274e-01 3.452631578947368274e-01 1.131578947368420962e-01 1.120404294718186855e+08
3.452631578947368274e-01 3.452631578947368274e-01 1.389473684210526250e-01 1.055127729443032891e+08
3.452631578947368274e-01 3.452631578947368274e-01 1.647368421052631537e-01 9.824706052029615641e+07
3.452631578947368274e-01 3.452631578947368274e-01 1.905263157894736825e-01 9.513245414827387035e+07
3.452631578947368274e-01 3.452631578947368274e-01 2.163157894736842113e-01 9.213860583304305375e+07
3.452631578947368274e-01 3.452631578947368274e-01 2.421052631578947401e-01 8.998305555056260526e+07
3.452631578947368274e-01 3.452631578947368274e-01 2.678947368421052411e-01 8.861301963080249727e+07
3.452631578947368274e-01 3.452631578947368274e-01 2.936842105263157698e-01 8.730217385963793099e+07
3.452631578947368274e-01 3.452631578947368274e-01 3.194736842105262986e-01 8.642279874930723011e+07
3.452631578947368274e-01 3.452631578947368274e-01 3.452631578947368274e-01 8.567866947186660767e+07
3.710526315789473562e-01 1.905263157894736825e-01 1.905263157894736825e-01 1.068353757261784375e+08
3.710526315789473562e-01 2.163157894736842113e-01 1.647368421052631537e-01 1.068016071250936687e+08
3.710526315789473562e-01 2.163157894736842113e-01 1.905263157894736825e-01 1.025985389976257384e+08
3.710526315789473562e-01 2.163157894736842113e-01 2.163157894736842113e-01 9.890959733530643582e+07
3.710526315789473562e-01 2.421052631578947401e-01 1.389473684210526250e-01 1.122535215672033578e+08
3.710526315789473562e-01 2.421052631578947401e-01 1.647368421052631537e-01 1.034505033171957135e+08
3.710526315789473562e-01 2.421052631578947401e-01 1.905263157894736825e-01 9.973629726103729010e+07
3.710526315789473562e-01 2.421052631578947401e-01 2.163157894736842113e-01 9.635540239914913476e+07
3.710526315789473562e-01 2.421052631578947401e-01 2.421052631578947401e-01 9.397640499513486028e+07
3.710526315789473562e-01 2.678947368421052411e-01 1.131578947368420962e-01 1.175472588070072532e+08
3.710526315789473562e-01 2.678947368421052411e-01 1.389473684210526250e-01 1.095388442276901603e+08
3.710526315789473562e-01 2.678947368421052411e-01 1.647368421052631537e-01 1.014228680329565257e+08
3.710526315789473562e-01 2.678947368421052411e-01 1.905263157894736825e-01 9.797444864245276153e+07
3.710526315789473562e-01 2.678947368421052411e-01 2.163157894736842113e-01 9.476311098883226514e+07
3.710526315789473562e-01 2.678947368421052411e-01 2.421052631578947401e-01 9.248125290382374823e+07
3.710526315789473562e-01 2.678947368421052411e-01 2.678947368421052411e-01 9.104019835132795572e+07
3.710526315789473562e-01 2.936842105263157698e-01 8.736842105263156744e-02 1.327813206920235157e+08
3.710526315789473562e-01 2.936842105263157698e-01 1.131578947368420962e-01 1.145343317819497585e+08
3.710526315789473562e-01 2.936842105263157698e-01 1.389473684210526250e-01 1.073239273607571423e+08
3.710526315789473562e-01 2.936842105263157698e-01 1.647368421052631537e-01 9.966290901322788000e+07
3.710526315789473562e-01 2.936842105263157698e-01 1.905263157894736825e-01 9.639261089386287332e+07
3.710526315789473562e-01 2.936842105263157698e-01 2.163157894736842113e-01 9.329714621694667637e+07
3.710526315789473562e-01 2.936842105263157698e-01 2.421052631578947401e-01 9.108244485054337978e+07
3.710526315789473562e-01 2.936842105263157698e-01 2.678947368421052411e-01 8.967900004548528790e+07
3.710526315789473562e-01 2.936842105263157698e-01 2.936842105263157698e-01 8.834426998316353559e+07
3.710526315789473562e-01 3.194736842105262986e-01 6.157894736842105254e-02 1.562842839860191345e+08
3.710526315789473562e-01 3.194736842105262986e-01 8.736842105263156744e-02 1.296229662218278050e+08
3.710526315789473562e-01 3.194736842105262986e-01 1.131578947368420962e-01 1.127418175823924541e+08
3.710526315789473562e-01 3.194736842105262986e-01 1.389473684210526250e-01 1.059514151061474979e+08
3.710526315789473562e-01 3.194736842105262986e-01 1.647368421052631537e-01 9.853597594718356431e+07
3.710526315789473562e-01 3.194736842105262986e-01 1.905263157894736825e-01 9.536267754149770737e+07
3.710526315789473562e-01 3.194736842105262986e-01 2.163157894736842113e-01 9.233109296487070620e+07
3.710526315789473562e-01 3.194736842105262986e-01 2.421052631578947401e-01 9.015365165558254719e+07
3.710526315789473562e-01 3.194736842105262986e-01 2.678947368421052411e-01 8.877111978421586752e+07
3.710526315789473562e-01 3.194736842105262986e-01 2.936842105263157698e-01 8.745111870764006674e+07
3.710526315789473562e-01 3.194736842105262986e-01 3.194736842105262986e-01 8.656609184705626965e+07
3.710526315789473562e-01 3.452631578947368274e-01 3.578947368421052377e-02 1.971562116106230021e+08
3.710526315789473562e-01 3.452631578947368274e-01 6.157894736842105254e-02 1.520215997931619883e+08
3.710526315789473562e-01 3.452631578947368274e-01 8.736842105263156744e-02 1.276704335135997534e+08
3.710526315789473562e-01 3.452631578947368274e-01 1.131578947368420962e-01 1.114960051184023172e+08
3.710526315789473562e-01 3.452631578947368274e-01 1.389473684210526250e-01 1.049290234026685953e+08
3.710526315789473562e-01 3.452631578947368274e-01 1.647368421052631537e-01 9.764951852193343639e+07
3.710526315789473562e-01 3.452631578947368274e-01 1.905263157894736825e-01 9.453055474308797717e+07
3.710526315789473562e-01 3.452631578947368274e-01 2.163157894736842113e-01 9.153567827922436595e+07
3.710526315789473562e-01 3.452631578947368274e-01 2.421052631578947401e-01 8.937993921424669027e+07
3.710526315789473562e-01 3.452631578947368274e-01 2.678947368421052411e-01 8.800962981622545421e+07
3.710526315789473562e-01 3.452631578947368274e-01 2.936842105263157698e-01 8.669828161740081012e+07
3.710526315789473562e-01 3.452631578947368274e-01 3.194736842105262986e-01 8.581792354428927600e+07
3.710526315789473562e-01 3.452631578947368274e-01 3.452631578947368274e-01 8.507230225283537805e+07
3.710526315789473562e-01 3.710526315789473562e-01 1.000000000000000021e-02 2.260428743235076070e+08
3.710526315789473562e-01 3.710526315789473562e-01 3.578947368421052377e-02 1.917665747320921123e+08
3.710526315789473562e-01 3.710526315789473562e-01 6.157894736842105254e-02 1.502936047756750584e+08
3.710526315789473562e-01 3.710526315789473562e-01 8.736842105263156744e-02 1.266392916313222349e+08
3.710526315789473562e-01 3.710526315789473562e-01 1.131578947368420962e-01 1.106988713456952572e+08
3.710526315789473562e-01 3.710526315789473562e-01 1.389473684210526250e-01 1.042095487084997594e+08
3.710526315789473562e-01 3.710526315789473562e-01 1.647368421052631537e-01 9.698248995992295444e+07
3.710526315789473562e-01 3.710526315789473562e-01 1.905263157894736825e-01 9.388509368187567592e+07
3.710526315789473562e-01 3.710526315789473562e-01 2.163157894736842113e-01 9.090581714718043804e+07
3.710526315789473562e-01 3.710526315789473562e-01 2.421052631578947401e-01 8.875960925777256489e+07
3.710526315789473562e-01 3.710526315789473562e-01 2.678947368421052411e-01 8.739469501810811460e+07
3.710526315789473562e-01 3.710526315789473562e-01 2.936842105263157698e-01 8.608717023065149784e+07
3.710526315789473562e-01 3.710526315789473562e-01 3.194736842105262986e-01 8.520870961148196459e+07
3.710526315789473562e-01 3.710526315789473562e-01 3.452631578947368274e-01 8.446389338383509219e+07
3.710526315789473562e-01 3.710526315789473562e-01 3.710526315789473562e-01 8.385534306823053956e+07
3.968421052631578849e-01 2.163157894736842113e-01 1.905263157894736825e-01 1.027321138119662851e+08
3.968421052631578849e-01 2.163157894736842113e-01 2.163157894736842113e-01 9.880112584879298508e+07
3.968421052631578849e-01 2.421052631578947401e-01 1.647368421052631537e-01 1.036013868334121257e+08
3.968421052631578849e-01 2.421052631578947401e-01 1.905263157894736825e-01 9.964128896887359023e+07
3.968421052631578849e-01 2.421052631578947401e-01 2.163157894736842113e-01 9.611120397581596673e+07
3.968421052631578849e-01 2.421052631578947401e-01 2.421052631578947401e-01 9.364785386573007703e+07
3.968421052631578849e-01 2.678947368421052411e-01 1.389473684210526250e-01 1.098965218123161793e+08
3.968421052631578849e-01 2.678947368421052411e-01 1.647368421052631537e-01 1.013586071375109404e+08
3.968421052631578849e-01 2.678947368421052411e-01 1.905263157894736825e-01 9.775067619397166371e+07
3.968421052631578849e-01 2.678947368421052411e-01 2.163157894736842113e-01 9.444175216753311455e+07
3.968421052631578849e-01 2.678947368421052411e-01 2.421052631578947401e-01 9.210444292788444459e+07
3.968421052631578849e-01 2.678947368421052411e-01 2.678947368421052411e-01 9.063152796667644382e+07
3.968421052631578849e-01 2.936842105263157698e-01 1.131578947368420962e-01 1.150619835123241842e+08
3.968421052631578849e-01 2.936842105263157698e-01 1.389473684210526250e-01 1.073614057399108112e+08
3.968421052631578849e-01 2.936842105263157698e-01 1.647368421052631537e-01 9.944245822858673334e+07
3.968421052631578849e-01 2.936842105263157698e-01 1.905263157894736825e-01 9.607394904560360312e+07
3.968421052631578849e-01 2.936842105263157698e-01 2.163157894736842113e-01 9.291833822895678878e+07
3.968421052631578849e-01 2.936842105263157698e-01 2.421052631578947401e-01 9.066945189308959246e+07
3.968421052631578849e-01 2.936842105263157698e-01 2.678947368421052411e-01 8.924632954577854276e+07
3.968421052631578849e-01 2.936842105263157698e-01 2.936842105263157698e-01 8.789673472373174131e+07
3.968421052631578849e-01 3.194736842105262986e-01 8.736842105263156744e-02 1.307393766911598146e+08
3.968421052631578849e-01 3.194736842105262986e-01 1.131578947368420962e-01 1.128676220521805286e+08
3.968421052631578849e-01 3.194736842105262986e-01 1.389473684210526250e-01 1.057842281349046826e+08
3.968421052631578849e-01 3.194736842105262986e-01 1.647368421052631537e-01 9.821399076695874333e+07
3.968421052631578849e-01 3.194736842105262986e-01 1.905263157894736825e-01 9.498161948789460957e+07
3.968421052631578849e-01 3.194736842105262986e-01 2.163157894736842113e-01 9.191419626856212318e+07
3.968421052631578849e-01 3.194736842105262986e-01 2.421052631578947401e-01 8.971650773900395632e+07
3.968421052631578849e-01 3.194736842105262986e-01 2.678947368421052411e-01 8.832232063439795375e+07
3.968421052631578849e-01 3.194736842105262986e-01 2.936842105263157698e-01 8.699349790449826419e+07
3.968421052631578849e-01 3.194736842105262986e-01 3.194736842105262986e-01 8.610237588819032907e+07
3.968421052631578849e-01 3.452631578947368274e-01 6.157894736842105254e-02 1.541224292019708753e+08
3.968421052631578849e-01 3.452631578947368274e-01 8.736842105263156744e-02 1.279924318860413134e+08
3.968421052631578849e-01 3.452631578947368274e-01 1.131578947368420962e-01 1.113191290147174448e+08
3.968421052631578849e-01 3.452631578947368274e-01 1.389473684210526250e-01 1.046035641588187218e+08
3.968421052631578849e-01 3.452631578947368274e-01 1.647368421052631537e-01 9.724774568085297942e+07
3.968421052631578849e-01 3.452631578947368274e-01 1.905263157894736825e-01 9.409994622905766964e+07
3.968421052631578849e-01 3.452631578947368274e-01 2.163157894736842113e-01 9.108829392093676329e+07
3.968421052631578849e-01 3.452631578947368274e-01 2.421052631578947401e-01 8.892332404907242954e+07
3.968421052631578849e-01 3.452631578947368274e-01 2.678947368421052411e-01 8.754772191067166626e+07
3.968421052631578849e-01 3.452631578947368274e-01 2.936842105263157698e-01 8.623235533468678594e+07
3.968421052631578849e-01 3.452631578947368274e-01 3.194736842105262986e-01 8.534906322324514389e+07
3.968421052631578849e-01 3.452631578947368274e-01 3.452631578947368274e-01 8.460078800943540037e+07
3.968421052631578849e-01 3.710526315789473562e-01 3.578947368421052377e-02 1.948657968324011564e+08
3.968421052631578849e-01 3.710526315789473562e-01 6.157894736842105254e-02 1.504772985710664392e+08
3.968421052631578849e-01 3.710526315789473562e-01 8.736842105263156744e-02 1.263428391968899965e+08
3.968421052631578849e-01 3.710526315789473562e-01 1.131578947368420962e-01 1.102778545823454112e+08
3.968421052631578849e-01 3.710526315789473562e-01 1.389473684210526250e-01 1.037540708334536850e+08
3.968421052631578849e-01 3.710526315789473562e-01 1.647368421052631537e-01 9.651445954909592867e+07
3.968421052631578849e-01 3.710526315789473562e-01 1.905263157894736825e-01 9.341304300973579288e+07
3.968421052631578849e-01 3.710526315789473562e-01 2.163157894736842113e-01 9.043277779553960264e+07
3.968421052631578849e-01 3.710526315789473562e-01 2.421052631578947401e-01 8.828649645822329819e+07
3.968421052631578849e-01 3.710526315789473562e-01 2.678947368421052411e-01 8.692157802626627684e+07
3.968421052631578849e-01 3.710526315789473562e-01 2.936842105263157698e-01 8.561402094468724728e+07
3.968421052631578849e-01 3.710526315789473562e-01 3.194736842105262986e-01 8.473523094299958646e+07
3.968421052631578849e-01 3.710526315789473562e-01 3.452631578947368274e-01 8.398979376724629104e+07
3.968421052631578849e-01 3.710526315789473562e-01 3.710526315789473562e-01 8.338029553947180510e+07
3.968421052631578849e-01 3.968421052631578849e-01 1.000000000000000021e-02 2.244679685826943517e+08
3.968421052631578849e-01 3.968421052631578849e-01 3.578947368421052377e-02 1.903469068155300021e+08
3.968421052631578849e-01 3.968421052631578849e-01 6.157894736842105254e-02 1.490606651195158958e+08
3.968421052631578849e-01 3.968421052631578849e-01 8.736842105263156744e-02 1.255131179400476515e+08
3.968421052631578849e-01 3.968421052631578849e-01 1.131578947368420962e-01 1.096436138101742864e+08
3.968421052631578849e-01 3.968421052631578849e-01 1.389473684210526250e-01 1.031843619478156865e+08
3.968421052631578849e-01 3.968421052631578849e-01 1.647368421052631537e-01 9.598801631317509711e+07
3.968421052631578849e-01 3.968421052631578849e-01 1.905263157894736825e-01 9.290436831710025668e+07
3.968421052631578849e-01 3.968421052631578849e-01 2.163157894736842113e-01 8.993699462358248234e+07
3.968421052631578849e-01 3.968421052631578849e-01 2.421052631578947401e-01 8.779868175480337441e+07
3.968421052631578849e-01 3.968421052631578849e-01 2.678947368421052411e-01 8.643838611441972852e+07
3.968421052631578849e-01 3.968421052631578849e-01 2.936842105263157698e-01 8.513426473916622996e+07
3.968421052631578849e-01 3.968421052631578849e-01 3.194736842105262986e-01 8.425738724227514863e+07
3.968421052631578849e-01 3.968421052631578849e-01 3.452631578947368274e-01 8.351305619143114984e+07
3.968421052631578849e-01 3.968421052631578849e-01 3.710526315789473562e-01 8.290397701246181130e+07
3.968421052631578849e-01 3.968421052631578849e-01 3.968421052631578849e-01 8.242750355976775289e+07
4.226315789473684137e-01 2.163157894736842113e-01 2.163157894736842113e-01 9.884732939841094613e+07
4.226315789473684137e-01 2.421052631578947401e-01 1.905263157894736825e-01 9.970763575701087713e+07
4.226315789473684137e-01 2.421052631578947401e-01 2.163157894736842113e-01 9.598972201437193155e+07
4.226315789473684137e-01 2.421052631578947401e-01 2.421052631578947401e-01 9.342188027746528387e+07
4.226315789473684137e-01 2.678947368421052411e-01 1.647368421052631537e-01 1.014744196369253099e+08
4.226315789473684137e-01 2.678947368421052411e-01 1.905263157894736825e-01 9.766012515428933501e+07
4.226315789473684137e-01 2.678947368421052411e-01 2.163157894736842113e-01 9.422681282240709662e+07
4.226315789473684137e-01 2.678947368421052411e-01 2.421052631578947401e-01 9.181980372830945253e+07
4.226315789473684137e-01 2.678947368421052411e-01 2.678947368421052411e-01 9.030755270352333784e+07
4.226315789473684137e-01 2.936842105263157698e-01 1.389473684210526250e-01 1.076380252314242721e+08
4.226315789473684137e-01 2.936842105263157698e-01 1.647368421052631537e-01 9.937088498710809648e+07
4.226315789473684137e-01 2.936842105263157698e-01 1.905263157894736825e-01 9.587101192393006384e+07
4.226315789473684137e-01 2.936842105263157698e-01 2.163157894736842113e-01 9.263567752879436314e+07
4.226315789473684137e-01 2.936842105263157698e-01 2.421052631578947401e-01 9.034196379811377823e+07
4.226315789473684137e-01 2.936842105263157698e-01 2.678947368421052411e-01 8.889347598112265766e+07
4.226315789473684137e-01 2.936842105263157698e-01 2.936842105263157698e-01 8.752521943581016362e+07
4.226315789473684137e-01 3.194736842105262986e-01 1.131578947368420962e-01 1.133310259814411402e+08
4.226315789473684137e-01 3.194736842105262986e-01 1.389473684210526250e-01 1.058196603279516846e+08
4.226315789473684137e-01 3.194736842105262986e-01 1.647368421052631537e-01 9.802506867092776299e+07
4.226315789473684137e-01 3.194736842105262986e-01 1.905263157894736825e-01 9.470743673713257909e+07
4.226315789473684137e-01 3.194736842105262986e-01 2.163157894736842113e-01 9.158823279649066925e+07
4.226315789473684137e-01 3.194736842105262986e-01 2.421052631578947401e-01 8.936144684994399548e+07
4.226315789473684137e-01 3.194736842105262986e-01 2.678947368421052411e-01 8.795078891003943980e+07
4.226315789473684137e-01 3.194736842105262986e-01 2.936842105263157698e-01 8.660985631484884024e+07
4.226315789473684137e-01 3.194736842105262986e-01 3.194736842105262986e-01 8.571081877044525743e+07
4.226315789473684137e-01 3.452631578947368274e-01 8.736842105263156744e-02 1.289733943699086905e+08
4.226315789473684137e-01 3.452631578947368274e-01 1.131578947368420962e-01 1.114333110906476527e+08
4.226315789473684137e-01 3.452631578947368274e-01 1.389473684210526250e-01 1.044614451812299639e+08
4.226315789473684137e-01 3.452631578947368274e-01 1.647368421052631537e-01 9.697078890959134698e+07
4.226315789473684137e-01 3.452631578947368274e-01 1.905263157894736825e-01 9.377163880806130171e+07
4.226315789473684137e-01 3.452631578947368274e-01 2.163157894736842113e-01 9.072914233097425103e+07
4.226315789473684137e-01 3.452631578947368274e-01 2.421052631578947401e-01 8.854698908655366302e+07
4.226315789473684137e-01 3.452631578947368274e-01 2.678947368421052411e-01 8.716169623190453649e+07
4.226315789473684137e-01 3.452631578947368274e-01 2.936842105263157698e-01 8.583924422318622470e+07
4.226315789473684137e-01 3.452631578947368274e-01 3.194736842105262986e-01 8.495126964895188808e+07
4.226315789473684137e-01 3.452631578947368274e-01 3.452631578947368274e-01 8.419923955840764940e+07
4.226315789473684137e-01 3.710526315789473562e-01 6.157894736842105254e-02 1.523314767247464657e+08
4.226315789473684137e-01 3.710526315789473562e-01 8.736842105263156744e-02 1.266327019052029401e+08
4.226315789473684137e-01 3.710526315789473562e-01 1.131578947368420962e-01 1.101291902273177505e+08
4.226315789473684137e-01 3.710526315789473562e-01 1.389473684210526250e-01 1.034747952207458168e+08
4.226315789473684137e-01 3.710526315789473562e-01 1.647368421052631537e-01 9.616841855795225501e+07
4.226315789473684137e-01 3.710526315789473562e-01 1.905263157894736825e-01 9.304182548938384652e+07
4.226315789473684137e-01 3.710526315789473562e-01 2.163157894736842113e-01 9.004711913780422509e+07
4.226315789473684137e-01 3.710526315789473562e-01 2.421052631578947401e-01 8.789306352739298344e+07
4.226315789473684137e-01 3.710526315789473562e-01 2.678947368421052411e-01 8.652382979661302269e+07
4.226315789473684137e-01 3.710526315789473562e-01 2.936842105263157698e-01 8.521318300167876482e+07
4.226315789473684137e-01 3.710526315789473562e-01 3.194736842105262986e-01 8.433227715477697551e+07
4.226315789473684137e-01 3.710526315789473562e-01 3.452631578947368274e-01 8.358504836180390418e+07
4.226315789473684137e-01 3.710526315789473562e-01 3.710526315789473562e-01 8.297389584991946816e+07
4.226315789473684137e-01 3.968421052631578849e-01 3.578947368421052377e-02 1.931799998515666723e+08
4.226315789473684137e-01 3.968421052631578849e-01 6.157894736842105254e-02 1.492515753694730997e+08
4.226315789473684137e-01 3.968421052631578849e-01 8.736842105263156744e-02 1.252674608679909259e+08
4.226315789473684137e-01 3.968421052631578849e-01 1.131578947368420962e-01 1.092840071929588914e+08
4.226315789473684137e-01 3.968421052631578849e-01 1.389473684210526250e-01 1.027930060621035099e+08
4.226315789473684137e-01 3.968421052631578849e-01 1.647368421052631537e-01 9.558492746563617885e+07
4.226315789473684137e-01 3.968421052631578849e-01 1.905263157894736825e-01 9.249747924613419175e+07
4.226315789473684137e-01 3.968421052631578849e-01 2.163157894736842113e-01 8.952918640552175045e+07
4.226315789473684137e-01 3.968421052631578849e-01 2.421052631578947401e-01 8.739088858503207564e+07
4.226315789473684137e-01 3.968421052631578849e-01 2.678947368421052411e-01 8.603073154475584626e+07
4.226315789473684137e-01 3.968421052631578849e-01 2.936842105263157698e-01 8.472683027582764626e+07
4.226315789473684137e-01 3.968421052631578849e-01 3.194736842105262986e-01 8.384995253597775102e+07
4.226315789473684137e-01 3.968421052631578849e-01 3.452631578947368274e-01 8.310543722135750949e+07
4.226315789473684137e-01 3.968421052631578849e-01 3.710526315789473562e-01 8.249595367938983440e+07
4.226315789473684137e-01 3.968421052631578849e-01 3.968421052631578849e-01 8.201885469672903419e+07
4.226315789473684137e-01 4.226315789473684137e-01 1.000000000000000021e-02 2.231102016291343570e+08
4.226315789473684137e-01 4.226315789473684137e-01 3.578947368421052377e-02 1.891224490667068958e+08
4.226315789473684137e-01 4.226315789473684137e-01 6.157894736842105254e-02 1.479967065587194562e+08
4.226315789473684137e-01 4.226315789473684137e-01 8.736842105263156744e-02 1.245409233215110004e+08
4.226315789473684137e-01 4.226315789473684137e-01 1.131578947368420962e-01 1.087325288301514983e+08
4.226315789473684137e-01 4.226315789473684137e-01 1.389473684210526250e-01 1.022990916961608827e+08
4.226315789473684137e-01 4.226315789473684137e-01 1.647368421052631537e-01 9.512946207950755954e+07
4.226315789473684137e-01 4.226315789473684137e-01 1.905263157894736825e-01 9.205777068739488721e+07
4.226315789473684137e-01 4.226315789473684137e-01 2.163157894736842113e-01 8.910095239304117858e+07
4.226315789473684137e-01 4.226315789473684137e-01 2.421052631578947401e-01 8.696980776388117671e+07
4.226315789473684137e-01 4.226315789473684137e-01 2.678947368421052411e-01 8.561386345833769441e+07
4.226315789473684137e-01 4.226315789473684137e-01 2.936842105263157698e-01 8.431319928465287387e+07
4.226315789473684137e-01 4.226315789473684137e-01 3.194736842105262986e-01 8.343823750648014247e+07
4.226315789473684137e-01 4.226315789473684137e-01 3.452631578947368274e-01 8.269498157072310150e+07
4.226315789473684137e-01 4.226315789473684137e-01 3.710526315789473562e-01 8.208620329037390649e+07
4.226315789473684137e-01 4.226315789473684137e-01 3.968421052631578849e-01 8.160935121176414192e+07
4.226315789473684137e-01 4.226315789473684137e-01 4.226315789473684137e-01 8.119974298372758925e+07
4.484210526315789425e-01 2.421052631578947401e-01 2.163157894736842113e-01 9.600481350282377005e+07
4.484210526315789425e-01 2.421052631578947401e-01 2.421052631578947401e-01 9.330900980386421084e+07
4.484210526315789425e-01 2.678947368421052411e-01 1.905263157894736825e-01 9.771700151769055426e+07
4.484210526315789425e-01 2.678947368421052411e-01 2.163157894736842113e-01 9.412884544741901755e+07
4.484210526315789425e-01 2.678947368421052411e-01 2.421052631578947401e-01 9.163619019189468026e+07
4.484210526315789425e-01 2.678947368421052411e-01 2.678947368421052411e-01 9.007628496095560491e+07
4.484210526315789425e-01 2.936842105263157698e-01 1.647368421052631537e-01 9.946181104266183078e+07
4.484210526315789425e-01 2.936842105263157698e-01 1.905263157894736825e-01 9.579379047868396342e+07
4.484210526315789425e-01 2.936842105263157698e-01 2.163157894736842113e-01 9.245760225316110253e+07
4.484210526315789425e-01 2.936842105263157698e-01 2.421052631578947401e-01 9.010775301733748615e+07
4.484210526315789425e-01 2.936842105263157698e-01 2.678947368421052411e-01 8.862790011631274223e+07
4.484210526315789425e-01 2.936842105263157698e-01 2.936842105263157698e-01 8.723698071463844180e+07
4.484210526315789425e-01 3.194736842105262986e-01 1.389473684210526250e-01 1.060714206342047304e+08
4.484210526315789425e-01 3.194736842105262986e-01 1.647368421052631537e-01 9.797787215804646909e+07
4.484210526315789425e-01 3.194736842105262986e-01 1.905263157894736825e-01 9.454758281131461263e+07
4.484210526315789425e-01 3.194736842105262986e-01 2.163157894736842113e-01 9.136034096460708976e+07
4.484210526315789425e-01 3.194736842105262986e-01 2.421052631578947401e-01 8.909555955259011686e+07
4.484210526315789425e-01 3.194736842105262986e-01 2.678947368421052411e-01 8.766362542457783222e+07
4.484210526315789425e-01 3.194736842105262986e-01 2.936842105263157698e-01 8.630730553439006209e+07
4.484210526315789425e-01 3.194736842105262986e-01 3.194736842105262986e-01 8.539852132036733627e+07
4.484210526315789425e-01 3.452631578947368274e-01 1.131578947368420962e-01 1.118491675411029011e+08
4.484210526315789425e-01 3.452631578947368274e-01 1.389473684210526250e-01 1.045077556908491850e+08
4.484210526315789425e-01 3.452631578947368274e-01 1.647368421052631537e-01 9.682376116354531050e+07
4.484210526315789425e-01 3.452631578947368274e-01 1.905263157894736825e-01 9.355121932095047832e+07
4.484210526315789425e-01 3.452631578947368274e-01 2.163157894736842113e-01 9.046437527008908987e+07
4.484210526315789425e-01 3.452631578947368274e-01 2.421052631578947401e-01 8.825748597376662493e+07
4.484210526315789425e-01 3.452631578947368274e-01 2.678947368421052411e-01 8.685835148224928975e+07
4.484210526315789425e-01 3.452631578947368274e-01 2.936842105263157698e-01 8.552591925873199105e+07
4.484210526315789425e-01 3.452631578947368274e-01 3.194736842105262986e-01 8.463160480829502642e+07
4.484210526315789425e-01 3.452631578947368274e-01 3.452631578947368274e-01 8.387475781050975621e+07
4.484210526315789425e-01 3.710526315789473562e-01 8.736842105263156744e-02 1.275046100640180707e+08
4.484210526315789425e-01 3.710526315789473562e-01 1.131578947368420962e-01 1.102474261431963593e+08
4.484210526315789425e-01 3.710526315789473562e-01 1.389473684210526250e-01 1.033701345678416044e+08
4.484210526315789425e-01 3.710526315789473562e-01 1.647368421052631537e-01 9.594665078828480840e+07
4.484210526315789425e-01 3.710526315789473562e-01 1.905263157894736825e-01 9.277549544279116392e+07
4.484210526315789425e-01 3.710526315789473562e-01 2.163157894736842113e-01 8.975415458291800320e+07
4.484210526315789425e-01 3.710526315789473562e-01 2.421052631578947401e-01 8.758538327518814802e+07
4.484210526315789425e-01 3.710526315789473562e-01 2.678947368421052411e-01 8.620796255892436206e+07
4.484210526315789425e-01 3.710526315789473562e-01 2.936842105263157698e-01 8.489147420554497838e+07
4.484210526315789425e-01 3.710526315789473562e-01 3.194736842105262986e-01 8.400684112208108604e+07
4.484210526315789425e-01 3.710526315789473562e-01 3.452631578947368274e-01 8.325675303050881624e+07
4.484210526315789425e-01 3.710526315789473562e-01 3.710526315789473562e-01 8.264328685600873828e+07
4.484210526315789425e-01 3.968421052631578849e-01 6.157894736842105254e-02 1.509243375030632615e+08
4.484210526315789425e-01 3.968421052631578849e-01 8.736842105263156744e-02 1.255527383795089424e+08
4.484210526315789425e-01 3.968421052631578849e-01 1.131578947368420962e-01 1.091797185449614823e+08
4.484210526315789425e-01 3.968421052631578849e-01 1.389473684210526250e-01 1.025725224734073281e+08
4.484210526315789425e-01 3.968421052631578849e-01 1.647368421052631537e-01 9.530492168889634311e+07
4.484210526315789425e-01 3.968421052631578849e-01 1.905263157894736825e-01 9.219501351056481898e+07
4.484210526315789425e-01 3.968421052631578849e-01 2.163157894736842113e-01 8.921387008160749078e+07
4.484210526315789425e-01 3.968421052631578849e-01 2.421052631578947401e-01 8.706871817785578966e+07
4.484210526315789425e-01 3.968421052631578849e-01 2.678947368421052411e-01 8.570482966816931963e+07
4.484210526315789425e-01 3.968421052631578849e-01 2.936842105263157698e-01 8.439836033596803248e+07
4.484210526315789425e-01 3.968421052631578849e-01 3.194736842105262986e-01 8.351982082912492752e+07
4.484210526315789425e-01 3.968421052631578849e-01 3.452631578947368274e-01 8.277399111455303431e+07
4.484210526315789425e-01 3.968421052631578849e-01 3.710526315789473562e-01 8.216337214293542504e+07
4.484210526315789425e-01 3.968421052631578849e-01 3.968421052631578849e-01 8.168521884808367491e+07
4.484210526315789425e-01 4.226315789473684137e-01 3.578947368421052377e-02 1.916326023431588411e+08
4.484210526315789425e-01 4.226315789473684137e-01 6.157894736842105254e-02 1.481908675292960107e+08
4.484210526315789425e-01 4.226315789473684137e-01 8.736842105263156744e-02 1.243508728215087056e+08
4.484210526315789425e-01 4.226315789473684137e-01 1.131578947368420962e-01 1.084413662469996065e+08
4.484210526315789425e-01 4.226315789473684137e-01 1.389473684210526250e-01 1.019795294210040867e+08
4.484210526315789425e-01 4.226315789473684137e-01 1.647368421052631537e-01 9.479910228478109837e+07
4.484210526315789425e-01 4.226315789473684137e-01 1.905263157894736825e-01 9.172385121231628954e+07
4.484210526315789425e-01 4.226315789473684137e-01 2.163157894736842113e-01 8.876608448681579530e+07
4.484210526315789425e-01 4.226315789473684137e-01 2.421052631578947401e-01 8.663490722585749626e+07
4.484210526315789425e-01 4.226315789473684137e-01 2.678947368421052411e-01 8.527910550215969980e+07
4.484210526315789425e-01 4.226315789473684137e-01 2.936842105263157698e-01 8.397872245080192387e+07
4.484210526315789425e-01 4.226315789473684137e-01 3.194736842105262986e-01 8.310389292994901538e+07
4.484210526315789425e-01 4.226315789473684137e-01 3.452631578947368274e-01 8.236065962269113958e+07
4.484210526315789425e-01 4.226315789473684137e-01 3.710526315789473562e-01 8.175175927551992238e+07
4.484210526315789425e-01 4.226315789473684137e-01 3.968421052631578849e-01 8.127463525694251060e+07
4.484210526315789425e-01 4.226315789473684137e-01 4.226315789473684137e-01 8.086460628463648260e+07
4.484210526315789425e-01 4.484210526315789425e-01 1.000000000000000021e-02 2.219945212292695642e+08
4.484210526315789425e-01 4.484210526315789425e-01 3.578947368421052377e-02 1.881160121088677645e+08
4.484210526315789425e-01 4.484210526315789425e-01 6.157894736842105254e-02 1.471218760945968032e+08
4.484210526315789425e-01 4.484210526315789425e-01 8.736842105263156744e-02 1.237413354850975871e+08
4.484210526315789425e-01 4.484210526315789425e-01 1.131578947368420962e-01 1.079831357630454004e+08
4.484210526315789425e-01 4.484210526315789425e-01 1.389473684210526250e-01 1.015708496931366622e+08
4.484210526315789425e-01 4.484210526315789425e-01 1.647368421052631537e-01 9.442330197627645731e+07
4.484210526315789425e-01 4.484210526315789425e-01 1.905263157894736825e-01 9.136149223144918680e+07
4.484210526315789425e-01 4.484210526315789425e-01 2.163157894736842113e-01 8.841350777080319822e+07
4.484210526315789425e-01 4.484210526315789425e-01 2.421052631578947401e-01 8.628845044812299311e+07
4.484210526315789425e-01 4.484210526315789425e-01 2.678947368421052411e-01 8.493628204715380073e+07
4.484210526315789425e-01 4.484210526315789425e-01 2.936842105263157698e-01 8.363874153373296559e+07
4.484210526315789425e-01 4.484210526315789425e-01 3.194736842105262986e-01 8.276564988296274841e+07
4.484210526315789425e-01 4.484210526315789425e-01 3.452631578947368274e-01 8.202362848632864654e+07
4.484210526315789425e-01 4.484210526315789425e-01 3.710526315789473562e-01 8.141549958553120494e+07
4.484210526315789425e-01 4.484210526315789425e-01 3.968421052631578849e-01 8.093878512889145315e+07
4.484210526315789425e-01 4.484210526315789425e-01 4.226315789473684137e-01 8.052890190334855020e+07
4.484210526315789425e-01 4.484210526315789425e-01 4.484210526315789425e-01 8.019310831830511987e+07
4.742105263157894712e-01 2.421052631578947401e-01 2.421052631578947401e-01 9.329402567362703383e+07
4.742105263157894712e-01 2.678947368421052411e-01 2.163157894736842113e-01 9.413296031499794126e+07
4.742105263157894712e-01 2.678947368421052411e-01 2.421052631578947401e-01 9.153582480872756243e+07
4.742105263157894712e-01 2.678947368421052411e-01 2.678947368421052411e-01 8.991846632850052416e+07
4.742105263157894712e-01 2.936842105263157698e-01 1.905263157894736825e-01 9.582767500293943286e+07
4.742105263157894712e-01 2.936842105263157698e-01 2.163157894736842113e-01 9.236621305977253616e+07
4.742105263157894712e-01 2.936842105263157698e-01 2.421052631578947401e-01 8.994737659603708982e+07
4.742105263157894712e-01 2.936842105263157698e-01 2.678947368421052411e-01 8.842937647537158430e+07
4.742105263157894712e-01 2.936842105263157698e-01 2.936842105263157698e-01 8.701128768299913406e+07
4.742105263157894712e-01 3.194736842105262986e-01 1.647368421052631537e-01 9.805804594256085157e+07
4.742105263157894712e-01 3.194736842105262986e-01 1.905263157894736825e-01 9.448393064906668663e+07
4.742105263157894712e-01 3.194736842105262986e-01 2.163157894736842113e-01 9.121073831617181003e+07
4.742105263157894712e-01 3.194736842105262986e-01 2.421052631578947401e-01 8.889833997277458012e+07
4.742105263157894712e-01 3.194736842105262986e-01 2.678947368421052411e-01 8.743997410071006417e+07
4.742105263157894712e-01 3.194736842105262986e-01 2.936842105263157698e-01 8.606477564862175286e+07
4.742105263157894712e-01 3.194736842105262986e-01 3.194736842105262986e-01 8.514426018378582597e+07
4.742105263157894712e-01 3.452631578947368274e-01 1.389473684210526250e-01 1.047290164359928668e+08
4.742105263157894712e-01 3.452631578947368274e-01 1.647368421052631537e-01 9.678748124290446937e+07
4.742105263157894712e-01 3.452631578947368274e-01 1.905263157894736825e-01 9.341796109034505486e+07
4.742105263157894712e-01 3.452631578947368274e-01 2.163157894736842113e-01 9.027278241283290088e+07
4.742105263157894712e-01 3.452631578947368274e-01 2.421052631578947401e-01 8.803348214744967222e+07
4.742105263157894712e-01 3.452631578947368274e-01 2.678947368421052411e-01 8.661632690185549855e+07
4.742105263157894712e-01 3.452631578947368274e-01 2.936842105263157698e-01 8.527102762214319408e+07
4.742105263157894712e-01 3.452631578947368274e-01 3.194736842105262986e-01 8.436870462758007646e+07
4.742105263157894712e-01 3.452631578947368274e-01 3.452631578947368274e-01 8.360594750069324672e+07
4.742105263157894712e-01 3.710526315789473562e-01 1.131578947368420962e-01 1.106171689268520474e+08
4.742105263157894712e-01 3.710526315789473562e-01 1.389473684210526250e-01 1.034178290964497030e+08
4.742105263157894712e-01 3.710526315789473562e-01 1.647368421052631537e-01 9.582616472042404115e+07
4.742105263157894712e-01 3.710526315789473562e-01 1.905263157894736825e-01 9.259121150596565008e+07
4.742105263157894712e-01 3.710526315789473562e-01 2.163157894736842113e-01 8.953147950412037969e+07
4.742105263157894712e-01 3.710526315789473562e-01 2.421052631578947401e-01 8.734141157139323652e+07
4.742105263157894712e-01 3.710526315789473562e-01 2.678947368421052411e-01 8.595216602828259766e+07
4.742105263157894712e-01 3.710526315789473562e-01 2.936842105263157698e-01 8.462727574835418165e+07
4.742105263157894712e-01 3.710526315789473562e-01 3.194736842105262986e-01 8.373741035022099316e+07
4.742105263157894712e-01 3.710526315789473562e-01 3.452631578947368274e-01 8.298345434882599115e+07
4.742105263157894712e-01 3.710526315789473562e-01 3.710526315789473562e-01 8.236703035849256814e+07
4.742105263157894712e-01 3.968421052631578849e-01 8.736842105263156744e-02 1.263407616237713993e+08
4.742105263157894712e-01 3.968421052631578849e-01 1.131578947368420962e-01 1.092983919919857383e+08
4.742105263157894712e-01 3.968421052631578849e-01 1.389473684210526250e-01 1.024931912415005416e+08
4.742105263157894712e-01 3.968421052631578849e-01 1.647368421052631537e-01 9.512167033491338789e+07
4.742105263157894712e-01 3.968421052631578849e-01 1.905263157894736825e-01 9.197222888125808537e+07
4.742105263157894712e-01 3.968421052631578849e-01 2.163157894736842113e-01 8.896754158221845329e+07
4.742105263157894712e-01 3.968421052631578849e-01 2.421052631578947401e-01 8.680945476254969835e+07
4.742105263157894712e-01 3.968421052631578849e-01 2.678947368421052411e-01 8.543843265837126970e+07
4.742105263157894712e-01 3.968421052631578849e-01 2.936842105263157698e-01 8.412696412051665783e+07
4.742105263157894712e-01 3.968421052631578849e-01 3.194736842105262986e-01 8.324531277214281261e+07
4.742105263157894712e-01 3.968421052631578849e-01 3.452631578947368274e-01 8.249717736138755083e+07
4.742105263157894712e-01 3.968421052631578849e-01 3.710526315789473562e-01 8.188477052695442736e+07
4.742105263157894712e-01 3.968421052631578849e-01 3.968421052631578849e-01 8.140516350188305974e+07
4.742105263157894712e-01 4.226315789473684137e-01 6.157894736842105254e-02 1.496841207193796337e+08
4.742105263157894712e-01 4.226315789473684137e-01 8.736842105263156744e-02 1.246165817343177795e+08
4.742105263157894712e-01 4.226315789473684137e-01 1.131578947368420962e-01 1.083621807397027165e+08
4.742105263157894712e-01 4.226315789473684137e-01 1.389473684210526250e-01 1.017973963458169401e+08
4.742105263157894712e-01 4.226315789473684137e-01 1.647368421052631537e-01 9.456423336985892057e+07
4.742105263157894712e-01 4.226315789473684137e-01 1.905263157894736825e-01 9.146907585154682398e+07
4.742105263157894712e-01 4.226315789473684137e-01 2.163157894736842113e-01 8.849996084075395763e+07
4.742105263157894712e-01 4.226315789473684137e-01 2.421052631578947401e-01 8.636277646230931580e+07
4.742105263157894712e-01 4.226315789473684137e-01 2.678947368421052411e-01 8.500374725626239181e+07
4.742105263157894712e-01 4.226315789473684137e-01 2.936842105263157698e-01 8.370121097457429767e+07
4.742105263157894712e-01 4.226315789473684137e-01 3.194736842105262986e-01 8.282504493607163429e+07
4.742105263157894712e-01 4.226315789473684137e-01 3.452631578947368274e-01 8.208081381240379810e+07
4.742105263157894712e-01 4.226315789473684137e-01 3.710526315789473562e-01 8.147110292578275502e+07
4.742105263157894712e-01 4.226315789473684137e-01 3.968421052631578849e-01 8.099326631351441145e+07
4.742105263157894712e-01 4.226315789473684137e-01 4.226315789473684137e-01 8.058253613719813526e+07
4.742105263157894712e-01 4.484210526315789425e-01 3.578947368421052377e-02 1.903793125378121734e+08
4.742105263157894712e-01 4.484210526315789425e-01 6.157894736842105254e-02 1.473147178761748672e+08
4.742105263157894712e-01 4.484210526315789425e-01 8.736842105263156744e-02 1.235895803657189310e+08
4.742105263157894712e-01 4.484210526315789425e-01 1.131578947368420962e-01 1.077401007804280668e+08
4.742105263157894712e-01 4.484210526315789425e-01 1.389473684210526250e-01 1.013020104521704614e+08
4.742105263157894712e-01 4.484210526315789425e-01 1.647368421052631537e-01 9.414443506924296916e+07
4.742105263157894712e-01 4.484210526315789425e-01 1.905263157894736825e-01 9.107926874133437872e+07
4.742105263157894712e-01 4.484210526315789425e-01 2.163157894736842113e-01 8.813032154385887086e+07
4.742105263157894712e-01 4.484210526315789425e-01 2.421052631578947401e-01 8.600518686856976151e+07
4.742105263157894712e-01 4.484210526315789425e-01 2.678947368421052411e-01 8.465314257188241184e+07
4.742105263157894712e-01 4.484210526315789425e-01 2.936842105263157698e-01 8.335589488792736828e+07
4.742105263157894712e-01 4.484210526315789425e-01 3.194736842105262986e-01 8.248299089926925302e+07
4.742105263157894712e-01 4.484210526315789425e-01 3.452631578947368274e-01 8.174109197220823169e+07
4.742105263157894712e-01 4.484210526315789425e-01 3.710526315789473562e-01 8.113298591906382143e+07
4.742105263157894712e-01 4.484210526315789425e-01 3.968421052631578849e-01 8.065618631153497100e+07
4.742105263157894712e-01 4.484210526315789425e-01 4.226315789473684137e-01 8.024611580863374472e+07
4.742105263157894712e-01 4.484210526315789425e-01 4.484210526315789425e-01 7.991003257956613600e+07
4.742105263157894712e-01 4.742105263157894712e-01 1.000000000000000021e-02 2.210506251907878518e+08
4.742105263157894712e-01 4.742105263157894712e-01 3.578947368421052377e-02 1.872643129808032513e+08
4.742105263157894712e-01 4.742105263157894712e-01 6.157894736842105254e-02 1.463813076591901779e+08
4.742105263157894712e-01 4.742105263157894712e-01 8.736842105263156744e-02 1.230642968804099560e+08
4.742105263157894712e-01 4.742105263157894712e-01 1.131578947368420962e-01 1.073485398908188939e+08
4.742105263157894712e-01 4.742105263157894712e-01 1.389473684210526250e-01 1.009540892712705135e+08
4.742105263157894712e-01 4.742105263157894712e-01 1.647368421052631537e-01 9.382530650389145315e+07
4.742105263157894712e-01 4.742105263157894712e-01 1.905263157894736825e-01 9.077188098263654113e+07
4.742105263157894712e-01 4.742105263157894712e-01 2.163157894736842113e-01 8.783146943869479001e+07
4.742105263157894712e-01 4.742105263157894712e-01 2.421052631578947401e-01 8.571168509614419937e+07
4.742105263157894712e-01 4.742105263157894712e-01 2.678947368421052411e-01 8.436283184136967361e+07
4.742105263157894712e-01 4.742105263157894712e-01 2.936842105263157698e-01 8.306811217444033921e+07
4.742105263157894712e-01 4.742105263157894712e-01 3.194736842105262986e-01 8.219678472101283073e+07
4.742105263157894712e-01 4.742105263157894712e-01 3.452631578947368274e-01 8.145602487541294098e+07
4.742105263157894712e-01 4.742105263157894712e-01 3.710526315789473562e-01 8.084869338496163487e+07
4.742105263157894712e-01 4.742105263157894712e-01 3.968421052631578849e-01 8.037236975930091739e+07
4.742105263157894712e-01 4.742105263157894712e-01 4.226315789473684137e-01 7.996256694680936635e+07
4.742105263157894712e-01 4.742105263157894712e-01 4.484210526315789425e-01 7.962656657126499712e+07
4.742105263157894712e-01 4.742105263157894712e-01 4.742105263157894712e-01 7.934303104235087335e+07
5.000000000000000000e-01 2.678947368421052411e-01 2.421052631578947401e-01 9.151175287792889774e+07
5.000000000000000000e-01 2.678947368421052411e-01 2.678947368421052411e-01 8.982535681816153228e+07
5.000000000000000000e-01 2.936842105263157698e-01 2.163157894736842113e-01 9.235468056144213676e+07
5.000000000000000000e-01 2.936842105263157698e-01 2.421052631578947401e-01 8.985197967456640303e+07
5.000000000000000000e-01 2.936842105263157698e-01 2.678947368421052411e-01 8.828804320767663419e+07
5.000000000000000000e-01 2.936842105263157698e-01 2.936842105263157698e-01 8.683764939100369811e+07
5.000000000000000000e-01 3.194736842105262986e-01 1.905263157894736825e-01 9.451010196720378101e+07
5.000000000000000000e-01 3.194736842105262986e-01 2.163157894736842113e-01 9.113057332672159374e+07
5.000000000000000000e-01 3.194736842105262986e-01 2.421052631578947401e-01 8.875980379934951663e+07
5.000000000000000000e-01 3.194736842105262986e-01 2.678947368421052411e-01 8.726929842095835507e+07
5.000000000000000000e-01 3.194736842105262986e-01 2.936842105263157698e-01 8.587139369378611445e+07
5.000000000000000000e-01 3.194736842105262986e-01 3.194736842105262986e-01 8.493695608677005768e+07
5.000000000000000000e-01 3.452631578947368274e-01 1.647368421052631537e-01 9.685583244653500617e+07
5.000000000000000000e-01 3.452631578947368274e-01 1.905263157894736825e-01 9.336284426505097747e+07
5.000000000000000000e-01 3.452631578947368274e-01 2.163157894736842113e-01 9.014410022803665698e+07
5.000000000000000000e-01 3.452631578947368274e-01 2.421052631578947401e-01 8.786419017279429734e+07
5.000000000000000000e-01 3.452631578947368274e-01 2.678947368421052411e-01 8.642459744482079148e+07
5.000000000000000000e-01 3.452631578947368274e-01 2.936842105263157698e-01 8.506341429855246842e+07
5.000000000000000000e-01 3.452631578947368274e-01 3.194736842105262986e-01 8.415133331457528472e+07
5.000000000000000000e-01 3.452631578947368274e-01 3.452631578947368274e-01 8.338150724964241683e+07
5.000000000000000000e-01 3.710526315789473562e-01 1.389473684210526250e-01 1.036126720538258851e+08
5.000000000000000000e-01 3.710526315789473562e-01 1.647368421052631537e-01 9.579719800799229741e+07
5.000000000000000000e-01 3.710526315789473562e-01 1.905263157894736825e-01 9.247800666412089765e+07
5.000000000000000000e-01 3.710526315789473562e-01 2.163157894736842113e-01 8.936776449067638814e+07
5.000000000000000000e-01 3.710526315789473562e-01 2.421052631578947401e-01 8.714974026142886281e+07
5.000000000000000000e-01 3.710526315789473562e-01 2.678947368421052411e-01 8.574502790217745304e+07
5.000000000000000000e-01 3.710526315789473562e-01 2.936842105263157698e-01 8.440920172858957946e+07
5.000000000000000000e-01 3.710526315789473562e-01 3.194736842105262986e-01 8.351261408798603714e+07
5.000000000000000000e-01 3.710526315789473562e-01 3.452631578947368274e-01 8.275378608730068803e+07
5.000000000000000000e-01 3.710526315789473562e-01 3.710526315789473562e-01 8.213374941987684369e+07
5.000000000000000000e-01 3.968421052631578849e-01 1.131578947368420962e-01 1.096341129093715549e+08
5.000000000000000000e-01 3.968421052631578849e-01 1.389473684210526250e-01 1.025431270376259983e+08
5.000000000000000000e-01 3.968421052631578849e-01 1.647368421052631537e-01 9.502255516570644081e+07
5.000000000000000000e-01 3.968421052631578849e-01 1.905263157894736825e-01 9.181659105737671256e+07
5.000000000000000000e-01 3.968421052631578849e-01 2.163157894736842113e-01 8.877799164829139411e+07
5.000000000000000000e-01 3.968421052631578849e-01 2.421052631578947401e-01 8.660116480933551490e+07
5.000000000000000000e-01 3.968421052631578849e-01 2.678947368421052411e-01 8.521979129834240675e+07
5.000000000000000000e-01 3.968421052631578849e-01 2.936842105263157698e-01 8.390104732092736661e+07
5.000000000000000000e-01 3.968421052631578849e-01 3.194736842105262986e-01 8.301492832308098674e+07
5.000000000000000000e-01 3.968421052631578849e-01 3.452631578947368274e-01 8.226355839425817132e+07
5.000000000000000000e-01 3.968421052631578849e-01 3.710526315789473562e-01 8.164874500451874733e+07
5.000000000000000000e-01 3.968421052631578849e-01 3.968421052631578849e-01 8.116729382473485172e+07
5.000000000000000000e-01 4.226315789473684137e-01 8.736842105263156744e-02 1.253242017285428047e+08
5.000000000000000000e-01 4.226315789473684137e-01 1.131578947368420962e-01 1.084756192214148939e+08
5.000000000000000000e-01 4.226315789473684137e-01 1.389473684210526250e-01 1.017350329213516712e+08
5.000000000000000000e-01 4.226315789473684137e-01 1.647368421052631537e-01 9.440970166413438320e+07
5.000000000000000000e-01 4.226315789473684137e-01 1.905263157894736825e-01 9.127948628657360375e+07
5.000000000000000000e-01 4.226315789473684137e-01 2.163157894736842113e-01 8.828955554808631539e+07
5.000000000000000000e-01 4.226315789473684137e-01 2.421052631578947401e-01 8.614098376699800789e+07
5.000000000000000000e-01 4.226315789473684137e-01 2.678947368421052411e-01 8.477571237999014556e+07
5.000000000000000000e-01 4.226315789473684137e-01 2.936842105263157698e-01 8.346886152477937937e+07
5.000000000000000000e-01 4.226315789473684137e-01 3.194736842105262986e-01 8.259005718986932933e+07
5.000000000000000000e-01 4.226315789473684137e-01 3.452631578947368274e-01 8.184392346539464593e+07
5.000000000000000000e-01 4.226315789473684137e-01 3.710526315789473562e-01 8.123278770209491253e+07
5.000000000000000000e-01 4.226315789473684137e-01 3.968421052631578849e-01 8.075383883368612826e+07
5.000000000000000000e-01 4.226315789473684137e-01 4.226315789473684137e-01 8.034214420828150213e+07
5.000000000000000000e-01 4.484210526315789425e-01 6.157894736842105254e-02 1.486657572435243130e+08
5.000000000000000000e-01 4.484210526315789425e-01 8.736842105263156744e-02 1.238395387945075184e+08
5.000000000000000000e-01 4.484210526315789425e-01 1.131578947368420962e-01 1.076804566687358767e+08
5.000000000000000000e-01 4.484210526315789425e-01 1.389473684210526250e-01 1.011498804029463828e+08
5.000000000000000000e-01 4.484210526315789425e-01 1.647368421052631537e-01 9.394490009185472131e+07
5.000000000000000000e-01 4.484210526315789425e-01 1.905263157894736825e-01 9.086182588744817674e+07
5.000000000000000000e-01 4.484210526315789425e-01 2.163157894736842113e-01 8.790268745509657264e+07
5.000000000000000000e-01 4.484210526315789425e-01 2.421052631578947401e-01 8.577218180910201371e+07
5.000000000000000000e-01 4.484210526315789425e-01 2.678947368421052411e-01 8.441727479871641099e+07
5.000000000000000000e-01 4.484210526315789425e-01 2.936842105263157698e-01 8.311815920460282266e+07
5.000000000000000000e-01 4.484210526315789425e-01 3.194736842105262986e-01 8.224413073390465975e+07
5.000000000000000000e-01 4.484210526315789425e-01 3.452631578947368274e-01 8.150143208361454308e+07
5.000000000000000000e-01 4.484210526315789425e-01 3.710526315789473562e-01 8.089271300529120862e+07
5.000000000000000000e-01 4.484210526315789425e-01 3.968421052631578849e-01 8.041540435904082656e+07
5.000000000000000000e-01 4.484210526315789425e-01 4.226315789473684137e-01 8.000485611641898751e+07
5.000000000000000000e-01 4.484210526315789425e-01 4.484210526315789425e-01 7.966830150459840894e+07
5.000000000000000000e-01 4.742105263157894712e-01 3.578947368421052377e-02 1.893204728509414792e+08
5.000000000000000000e-01 4.742105263157894712e-01 6.157894736842105254e-02 1.465702872036776543e+08
5.000000000000000000e-01 4.742105263157894712e-01 8.736842105263156744e-02 1.229416321648166478e+08
5.000000000000000000e-01 4.742105263157894712e-01 1.131578947368420962e-01 1.071428575916399956e+08
5.000000000000000000e-01 4.742105263157894712e-01 1.389473684210526250e-01 1.007248089827412367e+08
5.000000000000000000e-01 4.742105263157894712e-01 1.647368421052631537e-01 9.358668064757530391e+07
5.000000000000000000e-01 4.742105263157894712e-01 1.905263157894736825e-01 9.053008482970699668e+07
5.000000000000000000e-01 4.742105263157894712e-01 2.163157894736842113e-01 8.758870392407107353e+07
5.000000000000000000e-01 4.742105263157894712e-01 2.421052631578947401e-01 8.546879867702385783e+07
5.000000000000000000e-01 4.742105263157894712e-01 2.678947368421052411e-01 8.412004009991011024e+07
5.000000000000000000e-01 4.742105263157894712e-01 2.936842105263157698e-01 8.282559827936932445e+07
5.000000000000000000e-01 4.742105263157894712e-01 3.194736842105262986e-01 8.195447381481513381e+07
5.000000000000000000e-01 4.742105263157894712e-01 3.452631578947368274e-01 8.121388030910675228e+07
5.000000000000000000e-01 4.742105263157894712e-01 3.710526315789473562e-01 8.060664495629039407e+07
5.000000000000000000e-01 4.742105263157894712e-01 3.968421052631578849e-01 8.013033665953421593e+07
5.000000000000000000e-01 4.742105263157894712e-01 4.226315789473684137e-01 7.972047656183549762e+07
5.000000000000000000e-01 4.742105263157894712e-01 4.484210526315789425e-01 7.938434426179710031e+07
5.000000000000000000e-01 4.742105263157894712e-01 4.742105263157894712e-01 7.910060523110544682e+07
5.000000000000000000e-01 5.000000000000000000e-01 1.000000000000000021e-02 2.202411481778186560e+08
5.000000000000000000e-01 5.000000000000000000e-01 3.578947368421052377e-02 1.865337357454333901e+08
5.000000000000000000e-01 5.000000000000000000e-01 6.157894736842105254e-02 1.457458769042218924e+08
5.000000000000000000e-01 5.000000000000000000e-01 8.736842105263156744e-02 1.224832515421808064e+08
5.000000000000000000e-01 5.000000000000000000e-01 1.131578947368420962e-01 1.068038713365706801e+08
5.000000000000000000e-01 5.000000000000000000e-01 1.389473684210526250e-01 1.004246668938862979e+08
5.000000000000000000e-01 5.000000000000000000e-01 1.647368421052631537e-01 9.331203077298367023e+07
5.000000000000000000e-01 5.000000000000000000e-01 1.905263157894736825e-01 9.026580434471869469e+07
5.000000000000000000e-01 5.000000000000000000e-01 2.163157894736842113e-01 8.733194985835640132e+07
5.000000000000000000e-01 5.000000000000000000e-01 2.421052631578947401e-01 8.521676571449606121e+07
5.000000000000000000e-01 5.000000000000000000e-01 2.678947368421052411e-01 8.387082974368417263e+07
5.000000000000000000e-01 5.000000000000000000e-01 2.936842105263157698e-01 8.257864344685465097e+07
5.000000000000000000e-01 5.000000000000000000e-01 3.194736842105262986e-01 8.170894326993985474e+07
5.000000000000000000e-01 5.000000000000000000e-01 3.452631578947368274e-01 8.096940235676315427e+07
5.000000000000000000e-01 5.000000000000000000e-01 3.710526315789473562e-01 8.036291095639958978e+07
5.000000000000000000e-01 5.000000000000000000e-01 3.968421052631578849e-01 7.988709407216447592e+07
5.000000000000000000e-01 5.000000000000000000e-01 4.226315789473684137e-01 7.947755556417924166e+07
5.000000000000000000e-01 5.000000000000000000e-01 4.484210526315789425e-01 7.914159420044985414e+07
5.000000000000000000e-01 5.000000000000000000e-01 4.742105263157894712e-01 7.885790541117013991e+07
5.000000000000000000e-01 5.000000000000000000e-01 5.000000000000000000e-01 7.861515244243279099e+07
