1.000000000000000021e-02 1.000000000000000021e-02 1.000000000000000021e-02 2.730205826928750277e+08
3.578947368421052377e-02 3.578947368421052377e-02 1.000000000000000021e-02 2.443579129061395526e+08
3.578947368421052377e-02 3.578947368421052377e-02 3.578947368421052377e-02 1.878928111191643178e+08
6.157894736842105254e-02 3.578947368421052377e-02 3.578947368421052377e-02 2.616164579867563248e+08
6.157894736842105254e-02 6.157894736842105254e-02 1.000000000000000021e-02 1.842320896262779236e+08
6.157894736842105254e-02 6.157894736842105254e-02 3.578947368421052377e-02 1.418036108853854537e+08
6.157894736842105254e-02 6.157894736842105254e-02 6.157894736842105254e-02 1.034332110782652497e+08
8.736842105263156744e-02 6.157894736842105254e-02 3.578947368421052377e-02 2.001725713332715631e+08
8.736842105263156744e-02 6.157894736842105254e-02 6.157894736842105254e-02 1.044277388861285150e+08
8.736842105263156744e-02 8.736842105263156744e-02 1.000000000000000021e-02 1.442236990760638714e+08
8.736842105263156744e-02 8.736842105263156744e-02 3.578947368421052377e-02 1.138955020414021611e+08
8.736842105263156744e-02 8.736842105263156744e-02 6.157894736842105254e-02 8.013558968740263581e+07
8.736842105263156744e-02 8.736842105263156744e-02 8.736842105263156744e-02 6.435574325194188952e+07
1.131578947368420962e-01 6.157894736842105254e-02 6.157894736842105254e-02 1.507261974560900927e+08
1.131578947368420962e-01 8.736842105263156744e-02 3.578947368421052377e-02 1.576115375900437236e+08
1.131578947368420962e-01 8.736842105263156744e-02 6.157894736842105254e-02 8.430801135617446899e+07
1.131578947368420962e-01 8.736842105263156744e-02 8.736842105263156744e-02 6.033064156763188541e+07
1.131578947368420962e-01 1.131578947368420962e-01 1.000000000000000021e-02 1.150511164704580903e+08
1.131578947368420962e-01 1.131578947368420962e-01 3.578947368421052377e-02 9.194033809986299276e+07
1.131578947368420962e-01 1.131578947368420962e-01 6.157894736842105254e-02 6.487976297284273803e+07
1.131578947368420962e-01 1.131578947368420962e-01 8.736842105263156744e-02 5.014556832500106096e+07
1.131578947368420962e-01 1.131578947368420962e-01 1.131578947368420962e-01 4.178048029248717427e+07
1.389473684210526250e-01 8.736842105263156744e-02 6.157894736842105254e-02 1.144716048589102626e+08
1.389473684210526250e-01 8.736842105263156744e-02 8.736842105263156744e-02 6.793516844399860501e+07
1.389473684210526250e-01 1.131578947368420962e-01 3.578947368421052377e-02 1.185879082067427784e+08
1.389473684210526250e-01 1.131578947368420962e-01 6.157894736842105254e-02 6.841116087564627826e+07
1.389473684210526250e-01 1.131578947368420962e-01 8.736842105263156744e-02 4.971868281090091169e+07
1.389473684210526250e-01 1.131578947368420962e-01 1.131578947368420962e-01 3.973095941668713093e+07
1.389473684210526250e-01 1.389473684210526250e-01 1.000000000000000021e-02 1.025333789711931795e+08
1.389473684210526250e-01 1.389473684210526250e-01 3.578947368421052377e-02 8.233947519322012365e+07
1.389473684210526250e-01 1.389473684210526250e-01 6.157894736842105254e-02 5.833052737656736374e+07
1.389473684210526250e-01 1.389473684210526250e-01 8.736842105263156744e-02 4.487787495964249969e+07
1.389473684210526250e-01 1.389473684210526250e-01 1.131578947368420962e-01 3.645449707687127590e+07
1.389473684210526250e-01 1.389473684210526250e-01 1.389473684210526250e-01 3.334389975487233698e+07
1.647368421052631537e-01 8.736842105263156744e-02 8.736842105263156744e-02 8.691388600499680638e+07
1.647368421052631537e-01 1.131578947368420962e-01 6.157894736842105254e-02 8.836434514625263214e+07
1.647368421052631537e-01 1.131578947368420962e-01 8.736842105263156744e-02 5.445774396302345395e+07
1.647368421052631537e-01 1.131578947368420962e-01 1.131578947368420962e-01 3.974843566468049586e+07
1.647368421052631537e-01 1.389473684210526250e-01 3.578947368421052377e-02 1.091871846581332237e+08
1.647368421052631537e-01 1.389473684210526250e-01 6.157894736842105254e-02 6.137637581086479127e+07
1.647368421052631537e-01 1.389473684210526250e-01 8.736842105263156744e-02 4.411385453609882295e+07
1.647368421052631537e-01 1.389473684210526250e-01 1.131578947368420962e-01 3.455017053177374601e+07
1.647368421052631537e-01 1.389473684210526250e-01 1.389473684210526250e-01 3.087550260477265343e+07
1.647368421052631537e-01 1.647368421052631537e-01 1.000000000000000021e-02 8.846545375019754469e+07
1.647368421052631537e-01 1.647368421052631537e-01 3.578947368421052377e-02 7.112043887173470855e+07
1.647368421052631537e-01 1.647368421052631537e-01 6.157894736842105254e-02 5.032638802938713878e+07
1.647368421052631537e-01 1.647368421052631537e-01 8.736842105263156744e-02 3.853203377447377890e+07
1.647368421052631537e-01 1.647368421052631537e-01 1.131578947368420962e-01 3.083886655189148709e+07
1.647368421052631537e-01 1.647368421052631537e-01 1.389473684210526250e-01 2.770871946515092999e+07
1.647368421052631537e-01 1.647368421052631537e-01 1.647368421052631537e-01 2.468831304652912170e+07
1.905263157894736825e-01 1.131578947368420962e-01 8.736842105263156744e-02 6.617640997529706359e+07
1.905263157894736825e-01 1.131578947368420962e-01 1.131578947368420962e-01 4.345346204879516363e+07
1.905263157894736825e-01 1.389473684210526250e-01 6.157894736842105254e-02 7.765887980090498924e+07
1.905263157894736825e-01 1.389473684210526250e-01 8.736842105263156744e-02 4.868022346007129550e+07
1.905263157894736825e-01 1.389473684210526250e-01 1.131578947368420962e-01 3.565547545304322988e+07
1.905263157894736825e-01 1.389473684210526250e-01 1.389473684210526250e-01 3.082406366854960844e+07
1.905263157894736825e-01 1.647368421052631537e-01 3.578947368421052377e-02 8.761266426359543204e+07
1.905263157894736825e-01 1.647368421052631537e-01 6.157894736842105254e-02 5.260218178055301309e+07
1.905263157894736825e-01 1.647368421052631537e-01 8.736842105263156744e-02 3.850774752798397094e+07
1.905263157894736825e-01 1.647368421052631537e-01 1.131578947368420962e-01 3.018011809867876768e+07
1.905263157894736825e-01 1.647368421052631537e-01 1.389473684210526250e-01 2.683169359076702967e+07
1.905263157894736825e-01 1.647368421052631537e-01 1.647368421052631537e-01 2.360999244986845180e+07
1.905263157894736825e-01 1.905263157894736825e-01 1.000000000000000021e-02 8.220262133327181637e+07
1.905263157894736825e-01 1.905263157894736825e-01 3.578947368421052377e-02 6.609879433656907082e+07
1.905263157894736825e-01 1.905263157894736825e-01 6.157894736842105254e-02 4.672864159570652992e+07
1.905263157894736825e-01 1.905263157894736825e-01 8.736842105263156744e-02 3.570873416399499774e+07
1.905263157894736825e-01 1.905263157894736825e-01 1.131578947368420962e-01 2.842522465117497370e+07
1.905263157894736825e-01 1.905263157894736825e-01 1.389473684210526250e-01 2.541276234895243123e+07
1.905263157894736825e-01 1.905263157894736825e-01 1.647368421052631537e-01 2.234867878531722724e+07
1.905263157894736825e-01 1.905263157894736825e-01 1.905263157894736825e-01 2.109105977102586627e+07
2.163157894736842113e-01 1.131578947368420962e-01 1.131578947368420962e-01 5.045778494091588259e+07
2.163157894736842113e-01 1.389473684210526250e-01 8.736842105263156744e-02 5.792415194386988878e+07
2.163157894736842113e-01 1.389473684210526250e-01 1.131578947368420962e-01 3.859242541516177356e+07
2.163157894736842113e-01 1.389473684210526250e-01 1.389473684210526250e-01 3.180143175119986758e+07
2.163157894736842113e-01 1.647368421052631537e-01 6.157894736842105254e-02 6.393374950799290836e+07
2.163157894736842113e-01 1.647368421052631537e-01 8.736842105263156744e-02 4.143891760808101296e+07
2.163157894736842113e-01 1.647368421052631537e-01 1.131578947368420962e-01 3.071262193075143173e+07
2.163157894736842113e-01 1.647368421052631537e-01 1.389473684210526250e-01 2.661086721435742080e+07
2.163157894736842113e-01 1.647368421052631537e-01 1.647368421052631537e-01 2.291851776688621938e+07
2.163157894736842113e-01 1.905263157894736825e-01 3.578947368421052377e-02 8.184068496207028627e+07
2.163157894736842113e-01 1.905263157894736825e-01 6.157894736842105254e-02 4.882630262610107660e+07
2.163157894736842113e-01 1.905263157894736825e-01 8.736842105263156744e-02 3.561471740651066601e+07
2.163157894736842113e-01 1.905263157894736825e-01 1.131578947368420962e-01 2.776165761247692630e+07
2.163157894736842113e-01 1.905263157894736825e-01 1.389473684210526250e-01 2.457870394673413411e+07
2.163157894736842113e-01 1.905263157894736825e-01 1.647368421052631537e-01 2.140216643551633134e+07
2.163157894736842113e-01 1.905263157894736825e-01 1.905263157894736825e-01 2.006054993665388599e+07
2.163157894736842113e-01 2.163157894736842113e-01 1.000000000000000021e-02 7.620162082407419384e+07
2.163157894736842113e-01 2.163157894736842113e-01 3.578947368421052377e-02 6.122133718739956617e+07
2.163157894736842113e-01 2.163157894736842113e-01 6.157894736842105254e-02 4.316583858024294674e+07
2.163157894736842113e-01 2.163157894736842113e-01 8.736842105263156744e-02 3.287969463523374870e+07
2.163157894736842113e-01 2.163157894736842113e-01 1.131578947368420962e-01 2.603105772055386379e+07
2.163157894736842113e-01 2.163157894736842113e-01 1.389473684210526250e-01 2.318428166974258050e+07
2.163157894736842113e-01 2.163157894736842113e-01 1.647368421052631537e-01 2.020490571579132229e+07
2.163157894736842113e-01 2.163157894736842113e-01 1.905263157894736825e-01 1.892199017428863049e+07
2.163157894736842113e-01 2.163157894736842113e-01 2.163157894736842113e-01 1.778885207418110967e+07
2.421052631578947401e-01 1.389473684210526250e-01 1.131578947368420962e-01 4.392234990082783997e+07
2.421052631578947401e-01 1.389473684210526250e-01 1.389473684210526250e-01 3.416310041172316670e+07
2.421052631578947401e-01 1.647368421052631537e-01 8.736842105263156744e-02 4.779310541668254137e+07
2.421052631578947401e-01 1.647368421052631537e-01 1.131578947368420962e-01 3.272395341126653925e+07
2.421052631578947401e-01 1.647368421052631537e-01 1.389473684210526250e-01 2.730776186746188998e+07
2.421052631578947401e-01 1.647368421052631537e-01 1.647368421052631537e-01 2.286214055430828407e+07
2.421052631578947401e-01 1.905263157894736825e-01 6.157894736842105254e-02 5.871061840414492786e+07
2.421052631578947401e-01 1.905263157894736825e-01 8.736842105263156744e-02 3.826044706624551862e+07
2.421052631578947401e-01 1.905263157894736825e-01 1.131578947368420962e-01 2.835659483767895401e+07
2.421052631578947401e-01 1.905263157894736825e-01 1.389473684210526250e-01 2.454658613935710490e+07
2.421052631578947401e-01 1.905263157894736825e-01 1.647368421052631537e-01 2.100978009867798164e+07
2.421052631578947401e-01 1.905263157894736825e-01 1.905263157894736825e-01 1.950268220146516338e+07
2.421052631578947401e-01 2.163157894736842113e-01 3.578947368421052377e-02 7.400440515250700712e+07
2.421052631578947401e-01 2.163157894736842113e-01 6.157894736842105254e-02 4.494286240067289770e+07
2.421052631578947401e-01 2.163157894736842113e-01 8.736842105263156744e-02 3.287754557351136208e+07
2.421052631578947401e-01 2.163157894736842113e-01 1.131578947368420962e-01 2.557036403986551240e+07
2.421052631578947401e-01 2.163157894736842113e-01 1.389473684210526250e-01 2.259456496241352335e+07
2.421052631578947401e-01 2.163157894736842113e-01 1.647368421052631537e-01 1.954806158126406744e+07
2.421052631578947401e-01 2.163157894736842113e-01 1.905263157894736825e-01 1.822711975150701404e+07
2.421052631578947401e-01 2.163157894736842113e-01 2.163157894736842113e-01 1.705145976122469455e+07
2.421052631578947401e-01 2.421052631578947401e-01 1.000000000000000021e-02 7.184125008546754718e+07
2.421052631578947401e-01 2.421052631578947401e-01 3.578947368421052377e-02 5.765545099589320272e+07
2.421052631578947401e-01 2.421052631578947401e-01 6.157894736842105254e-02 4.053776304762770981e+07
2.421052631578947401e-01 2.421052631578947401e-01 8.736842105263156744e-02 3.078139099553309381e+07
2.421052631578947401e-01 2.421052631578947401e-01 1.131578947368420962e-01 2.426097976726157218e+07
2.421052631578947401e-01 2.421052631578947401e-01 1.389473684210526250e-01 2.155059678074521571e+07
2.421052631578947401e-01 2.421052631578947401e-01 1.647368421052631537e-01 1.866953366016162932e+07
2.421052631578947401e-01 2.421052631578947401e-01 1.905263157894736825e-01 1.740974053733192012e+07
2.421052631578947401e-01 2.421052631578947401e-01 2.163157894736842113e-01 1.626295807412317395e+07
2.421052631578947401e-01 2.421052631578947401e-01 2.421052631578947401e-01 1.547456896163855493e+07
2.678947368421052411e-01 1.389473684210526250e-01 1.389473684210526250e-01 3.806248558323878795e+07
2.678947368421052411e-01 1.647368421052631537e-01 1.131578947368420962e-01 3.629406590336389840e+07
2.678947368421052411e-01 1.647368421052631537e-01 1.389473684210526250e-01 2.891615579824756086e+07
2.678947368421052411e-01 1.647368421052631537e-01 1.647368421052631537e-01 2.340168378069567308e+07
2.678947368421052411e-01 1.905263157894736825e-01 8.736842105263156744e-02 4.352249952506706119e+07
2.678947368421052411e-01 1.905263157894736825e-01 1.131578947368420962e-01 3.009910359505223855e+07
2.678947368421052411e-01 1.905263157894736825e-01 1.389473684210526250e-01 2.523471953044803441e+07
2.678947368421052411e-01 1.905263157894736825e-01 1.647368421052631537e-01 2.111253039910404012e+07
2.678947368421052411e-01 1.905263157894736825e-01 1.905263157894736825e-01 1.936319031993655860e+07
2.678947368421052411e-01 2.163157894736842113e-01 6.157894736842105254e-02 5.265280828540305793e+07
2.678947368421052411e-01 2.163157894736842113e-01 8.736842105263156744e-02 3.499883154302843660e+07
2.678947368421052411e-01 2.163157894736842113e-01 1.131578947368420962e-01 2.611176801893902943e+07
2.678947368421052411e-01 2.163157894736842113e-01 1.389473684210526250e-01 2.265821891826979071e+07
2.678947368421052411e-01 2.163157894736842113e-01 1.647368421052631537e-01 1.934767256602547318e+07
2.678947368421052411e-01 2.163157894736842113e-01 1.905263157894736825e-01 1.791626010346561670e+07
2.678947368421052411e-01 2.163157894736842113e-01 2.163157894736842113e-01 1.665988189381799102e+07
2.678947368421052411e-01 2.421052631578947401e-01 3.578947368421052377e-02 6.746629640722286701e+07
2.678947368421052411e-01 2.421052631578947401e-01 6.157894736842105254e-02 4.199264340204336494e+07
2.678947368421052411e-01 2.421052631578947401e-01 8.736842105263156744e-02 3.087071517859895900e+07
2.678947368421052411e-01 2.421052631578947401e-01 1.131578947368420962e-01 2.399356510532384738e+07
2.678947368421052411e-01 2.421052631578947401e-01 1.389473684210526250e-01 2.118390006683480367e+07
2.678947368421052411e-01 2.421052631578947401e-01 1.647368421052631537e-01 1.825598672417203709e+07
2.678947368421052411e-01 2.421052631578947401e-01 1.905263157894736825e-01 1.697531056147527322e+07
2.678947368421052411e-01 2.421052631578947401e-01 2.163157894736842113e-01 1.580949244713409618e+07
2.678947368421052411e-01 2.421052631578947401e-01 2.421052631578947401e-01 1.500055341436833516e+07
2.678947368421052411e-01 2.678947368421052411e-01 1.000000000000000021e-02 6.899798754295347631e+07
2.678947368421052411e-01 2.678947368421052411e-01 3.578947368421052377e-02 5.532270533071658760e+07
2.678947368421052411e-01 2.678947368421052411e-01 6.157894736842105254e-02 3.881024703286848217e+07
2.678947368421052411e-01 2.678947368421052411e-01 8.736842105263156744e-02 2.939782687867990509e+07
2.678947368421052411e-01 2.678947368421052411e-01 1.131578947368420962e-01 2.309494477292928100e+07
2.678947368421052411e-01 2.678947368421052411e-01 1.389473684210526250e-01 2.047830466310295090e+07
2.678947368421052411e-01 2.678947368421052411e-01 1.647368421052631537e-01 1.767237366382203624e+07
2.678947368421052411e-01 2.678947368421052411e-01 1.905263157894736825e-01 1.643991981617873535e+07
2.678947368421052411e-01 2.678947368421052411e-01 2.163157894736842113e-01 1.530196813703487813e+07
2.678947368421052411e-01 2.678947368421052411e-01 2.421052631578947401e-01 1.450294806600594148e+07
2.678947368421052411e-01 2.678947368421052411e-01 2.678947368421052411e-01 1.400311000308627449e+07
2.936842105263157698e-01 1.647368421052631537e-01 1.389473684210526250e-01 3.144989633609744534e+07
2.936842105263157698e-01 1.647368421052631537e-01 1.647368421052631537e-01 2.441715570478317887e+07
2.936842105263157698e-01 1.905263157894736825e-01 1.131578947368420962e-01 3.300557799686997756e+07
2.936842105263157698e-01 1.905263157894736825e-01 1.389473684210526250e-01 2.652051350717519596e+07
2.936842105263157698e-01 1.905263157894736825e-01 1.647368421052631537e-01 2.153123684803728759e+07
2.936842105263157698e-01 1.905263157894736825e-01 1.905263157894736825e-01 1.943654788106422499e+07
2.936842105263157698e-01 2.163157894736842113e-01 8.736842105263156744e-02 3.921074907380267233e+07
2.936842105263157698e-01 2.163157894736842113e-01 1.131578947368420962e-01 2.745786544894479588e+07
2.936842105263157698e-01 2.163157894736842113e-01 1.389473684210526250e-01 2.315092459316423908e+07
2.936842105263157698e-01 2.163157894736842113e-01 1.647368421052631537e-01 1.937847349711701646e+07
2.936842105263157698e-01 2.163157894736842113e-01 1.905263157894736825e-01 1.776180366022035852e+07
2.936842105263157698e-01 2.163157894736842113e-01 2.163157894736842113e-01 1.638209443079921603e+07
2.936842105263157698e-01 2.421052631578947401e-01 6.157894736842105254e-02 4.844642340503756702e+07
2.936842105263157698e-01 2.421052631578947401e-01 8.736842105263156744e-02 3.258967762888306379e+07
2.936842105263157698e-01 2.421052631578947401e-01 1.131578947368420962e-01 2.438522673458513245e+07
2.936842105263157698e-01 2.421052631578947401e-01 1.389473684210526250e-01 2.117762961793427169e+07
2.936842105263157698e-01 2.421052631578947401e-01 1.647368421052631537e-01 1.803818512232537195e+07
2.936842105263157698e-01 2.421052631578947401e-01 1.905263157894736825e-01 1.667266231672896817e+07
2.936842105263157698e-01 2.421052631578947401e-01 2.163157894736842113e-01 1.544995263574910164e+07
2.936842105263157698e-01 2.421052631578947401e-01 2.421052631578947401e-01 1.460157224897509068e+07
2.936842105263157698e-01 2.678947368421052411e-01 3.578947368421052377e-02 6.468172343980716169e+07
2.936842105263157698e-01 2.678947368421052411e-01 6.157894736842105254e-02 4.019190096569683403e+07
2.936842105263157698e-01 2.678947368421052411e-01 8.736842105263156744e-02 2.947526011629519612e+07
2.936842105263157698e-01 2.678947368421052411e-01 1.131578947368420962e-01 2.283402467879807577e+07
2.936842105263157698e-01 2.678947368421052411e-01 1.389473684210526250e-01 2.012388850473680347e+07
2.936842105263157698e-01 2.678947368421052411e-01 1.647368421052631537e-01 1.727867499469584227e+07
2.936842105263157698e-01 2.678947368421052411e-01 1.905263157894736825e-01 1.603089991918876767e+07
2.936842105263157698e-01 2.678947368421052411e-01 2.163157894736842113e-01 1.488221067267926037e+07
2.936842105263157698e-01 2.678947368421052411e-01 2.421052631578947401e-01 1.407283777025623620e+07
2.936842105263157698e-01 2.678947368421052411e-01 2.678947368421052411e-01 1.356137194374156557e+07
2.936842105263157698e-01 2.936842105263157698e-01 1.000000000000000021e-02 6.632389688584678620e+07
2.936842105263157698e-01 2.936842105263157698e-01 3.578947368421052377e-02 5.311848840659058839e+07
2.936842105263157698e-01 2.936842105263157698e-01 6.157894736842105254e-02 3.716612550198745728e+07
2.936842105263157698e-01 2.936842105263157698e-01 8.736842105263156744e-02 2.807286408171619102e+07
2.936842105263157698e-01 2.936842105263157698e-01 1.131578947368420962e-01 2.197581314071550220e+07
2.936842105263157698e-01 2.936842105263157698e-01 1.389473684210526250e-01 1.944817706831701845e+07
2.936842105263157698e-01 2.936842105263157698e-01 1.647368421052631537e-01 1.672107933742067590e+07
2.936842105263157698e-01 2.936842105263157698e-01 1.905263157894736825e-01 1.552148885763026774e+07
2.936842105263157698e-01 2.936842105263157698e-01 2.163157894736842113e-01 1.440397869233508781e+07
2.936842105263157698e-01 2.936842105263157698e-01 2.421052631578947401e-01 1.361030168381912634e+07
2.936842105263157698e-01 2.936842105263157698e-01 2.678947368421052411e-01 1.310423279092482850e+07
2.936842105263157698e-01 2.936842105263157698e-01 2.936842105263157698e-01 1.264613977553247660e+07
3.194736842105262986e-01 1.647368421052631537e-01 1.647368421052631537e-01 2.604820126776690409e+07
3.194736842105262986e-01 1.905263157894736825e-01 1.389473684210526250e-01 2.854723064015701041e+07
3.194736842105262986e-01 1.905263157894736825e-01 1.647368421052631537e-01 2.237660394604631141e+07
3.194736842105262986e-01 1.905263157894736825e-01 1.905263157894736825e-01 1.982546804522070289e+07
3.194736842105262986e-01 2.163157894736842113e-01 1.131578947368420962e-01 2.972625364644585922e+07
3.194736842105262986e-01 2.163157894736842113e-01 1.389473684210526250e-01 2.417158438182605430e+07
3.194736842105262986e-01 2.163157894736842113e-01 1.647368421052631537e-01 1.973832068845487759e+07
3.194736842105262986e-01 2.163157894736842113e-01 1.905263157894736825e-01 1.786351314800101891e+07
3.194736842105262986e-01 2.163157894736842113e-01 2.163157894736842113e-01 1.631953254293420911e+07
3.194736842105262986e-01 2.421052631578947401e-01 8.736842105263156744e-02 3.598045101491329074e+07
3.194736842105262986e-01 2.421052631578947401e-01 1.131578947368420962e-01 2.549627273453038558e+07
3.194736842105262986e-01 2.421052631578947401e-01 1.389473684210526250e-01 2.161137072034512833e+07
3.194736842105262986e-01 2.421052631578947401e-01 1.647368421052631537e-01 1.810894544636204466e+07
3.194736842105262986e-01 2.421052631578947401e-01 1.905263157894736825e-01 1.660088523453319818e+07
3.194736842105262986e-01 2.421052631578947401e-01 2.163157894736842113e-01 1.528706053271781281e+07
3.194736842105262986e-01 2.421052631578947401e-01 2.421052631578947401e-01 1.438239974564200267e+07
3.194736842105262986e-01 2.678947368421052411e-01 6.157894736842105254e-02 4.576636449365259707e+07
3.194736842105262986e-01 2.678947368421052411e-01 8.736842105263156744e-02 3.101738817595878616e+07
3.194736842105262986e-01 2.678947368421052411e-01 1.131578947368420962e-01 2.324192505097898468e+07
3.194736842105262986e-01 2.678947368421052411e-01 1.389473684210526250e-01 2.019128661278748885e+07
3.194736842105262986e-01 2.678947368421052411e-01 1.647368421052631537e-01 1.716587486125542596e+07
3.194736842105262986e-01 2.678947368421052411e-01 1.905263157894736825e-01 1.584755136000657454e+07
3.194736842105262986e-01 2.678947368421052411e-01 2.163157894736842113e-01 1.465397997778686695e+07
3.194736842105262986e-01 2.678947368421052411e-01 2.421052631578947401e-01 1.381629789902595431e+07
3.194736842105262986e-01 2.678947368421052411e-01 2.678947368421052411e-01 1.328514877187021077e+07
3.194736842105262986e-01 2.936842105263157698e-01 3.578947368421052377e-02 6.049841543395804614e+07
3.194736842105262986e-01 2.936842105263157698e-01 6.157894736842105254e-02 3.830644631608480960e+07
3.194736842105262986e-01 2.936842105263157698e-01 8.736842105263156744e-02 2.818462418328253552e+07
3.194736842105262986e-01 2.936842105263157698e-01 1.131578947368420962e-01 2.181676502107515931e+07
3.194736842105262986e-01 2.936842105263157698e-01 1.389473684210526250e-01 1.921355013329723105e+07
3.194736842105262986e-01 2.936842105263157698e-01 1.647368421052631537e-01 1.645460902745331079e+07
3.194736842105262986e-01 2.936842105263157698e-01 1.905263157894736825e-01 1.524356803202942759e+07
3.194736842105262986e-01 2.936842105263157698e-01 2.163157894736842113e-01 1.411946693327347189e+07
3.194736842105262986e-01 2.936842105263157698e-01 2.421052631578947401e-01 1.332066571952587739e+07
3.194736842105262986e-01 2.936842105263157698e-01 2.678947368421052411e-01 1.280946922878618911e+07
3.194736842105262986e-01 2.936842105263157698e-01 2.936842105263157698e-01 1.234468322681451961e+07
3.194736842105262986e-01 3.194736842105262986e-01 1.000000000000000021e-02 6.447876815764338523e+07
3.194736842105262986e-01 3.194736842105262986e-01 3.578947368421052377e-02 5.159473309247066826e+07
3.194736842105262986e-01 3.194736842105262986e-01 6.157894736842105254e-02 3.602624258115103096e+07
3.194736842105262986e-01 3.194736842105262986e-01 8.736842105263156744e-02 2.715214478943650424e+07
3.194736842105262986e-01 3.194736842105262986e-01 1.131578947368420962e-01 2.119758975966119394e+07
3.194736842105262986e-01 3.194736842105262986e-01 1.389473684210526250e-01 1.873206199234167859e+07
3.194736842105262986e-01 3.194736842105262986e-01 1.647368421052631537e-01 1.606183680791424215e+07
3.194736842105262986e-01 3.194736842105262986e-01 1.905263157894736825e-01 1.488740476903936267e+07
3.194736842105262986e-01 3.194736842105262986e-01 2.163157894736842113e-01 1.378777421276610903e+07
3.194736842105262986e-01 3.194736842105262986e-01 2.421052631578947401e-01 1.300247755045542493e+07
3.194736842105262986e-01 3.194736842105262986e-01 2.678947368421052411e-01 1.249762441647348180e+07
3.194736842105262986e-01 3.194736842105262986e-01 2.936842105263157698e-01 1.203527765603766963e+07
3.194736842105262986e-01 3.194736842105262986e-01 3.194736842105262986e-01 1.172470043390181661e+07
3.452631578947368274e-01 1.905263157894736825e-01 1.647368421052631537e-01 2.364135254727438465e+07
3.452631578947368274e-01 1.905263157894736825e-01 1.905263157894736825e-01 2.048315397156743333e+07
3.452631578947368274e-01 2.163157894736842113e-01 1.389473684210526250e-01 2.572010620455775037e+07
3.452631578947368274e-01 2.163157894736842113e-01 1.647368421052631537e-01 2.037575107011913881e+07
3.452631578947368274e-01 2.163157894736842113e-01 1.905263157894736825e-01 1.815162074563758448e+07
3.452631578947368274e-01 2.163157894736842113e-01 2.163157894736842113e-01 1.639189703537569940e+07
3.452631578947368274e-01 2.421052631578947401e-01 1.131578947368420962e-01 2.731722946051301435e+07
3.452631578947368274e-01 2.421052631578947401e-01 1.389473684210526250e-01 2.242160534475802630e+07
3.452631578947368274e-01 2.421052631578947401e-01 1.647368421052631537e-01 1.838836767670270056e+07
3.452631578947368274e-01 2.421052631578947401e-01 1.905263157894736825e-01 1.667480710018351302e+07
3.452631578947368274e-01 2.421052631578947401e-01 2.163157894736842113e-01 1.523304809894347191e+07
3.452631578947368274e-01 2.421052631578947401e-01 2.421052631578947401e-01 1.425290277757651359e+07
3.452631578947368274e-01 2.678947368421052411e-01 8.736842105263156744e-02 3.395997111197897792e+07
3.452631578947368274e-01 2.678947368421052411e-01 1.131578947368420962e-01 2.420612808455908298e+07
3.452631578947368274e-01 2.678947368421052411e-01 1.389473684210526250e-01 2.056848547000944987e+07
3.452631578947368274e-01 2.678947368421052411e-01 1.647368421052631537e-01 1.723136129598398134e+07
3.452631578947368274e-01 2.678947368421052411e-01 1.905263157894736825e-01 1.579180087740702555e+07
3.452631578947368274e-01 2.678947368421052411e-01 2.163157894736842113e-01 1.452271139554247074e+07
3.452631578947368274e-01 2.678947368421052411e-01 2.421052631578947401e-01 1.364024491001028568e+07
3.452631578947368274e-01 2.678947368421052411e-01 2.678947368421052411e-01 1.308114001953682490e+07
3.452631578947368274e-01 2.936842105263157698e-01 6.157894736842105254e-02 4.294676435184895992e+07
3.452631578947368274e-01 2.936842105263157698e-01 8.736842105263156744e-02 2.945858666705882177e+07
3.452631578947368274e-01 2.936842105263157698e-01 1.131578947368420962e-01 2.214619360219861194e+07
3.452631578947368274e-01 2.936842105263157698e-01 1.389473684210526250e-01 1.926003668911413848e+07
3.452631578947368274e-01 2.936842105263157698e-01 1.647368421052631537e-01 1.635350111620061472e+07
3.452631578947368274e-01 2.936842105263157698e-01 1.905263157894736825e-01 1.508545817685562372e+07
3.452631578947368274e-01 2.936842105263157698e-01 2.163157894736842113e-01 1.392648970996971615e+07
3.452631578947368274e-01 2.936842105263157698e-01 2.421052631578947401e-01 1.310692312200958654e+07
3.452631578947368274e-01 2.936842105263157698e-01 2.678947368421052411e-01 1.258236308548973873e+07
3.452631578947368274e-01 2.936842105263157698e-01 2.936842105263157698e-01 1.210592302963526919e+07
3.452631578947368274e-01 3.194736842105262986e-01 3.578947368421052377e-02 5.820301258321757615e+07
3.452631578947368274e-01 3.194736842105262986e-01 6.157894736842105254e-02 3.706280154519779235e+07
3.452631578947368274e-01 3.194736842105262986e-01 8.736842105263156744e-02 2.726718548527210206e+07
3.452631578947368274e-01 3.194736842105262986e-01 1.131578947368420962e-01 2.106896383281242847e+07
3.452631578947368274e-01 3.194736842105262986e-01 1.389473684210526250e-01 1.853504767336028069e+07
3.452631578947368274e-01 3.194736842105262986e-01 1.647368421052631537e-01 1.583654607986602187e+07
3.452631578947368274e-01 3.194736842105262986e-01 1.905263157894736825e-01 1.465229358164038137e+07
3.452631578947368274e-01 3.194736842105262986e-01 2.163157894736842113e-01 1.354792086214554310e+07
3.452631578947368274e-01 3.194736842105262986e-01 2.421052631578947401e-01 1.275967793329159915e+07
3.452631578947368274e-01 3.194736842105262986e-01 2.678947368421052411e-01 1.225221749887500331e+07
3.452631578947368274e-01 3.194736842105262986e-01 2.936842105263157698e-01 1.178657774588476494e+07
3.452631578947368274e-01 3.194736842105262986e-01 3.194736842105262986e-01 1.147204379960453510e+07
3.452631578947368274e-01 3.452631578947368274e-01 1.000000000000000021e-02 6.292034423055566847e+07
3.452631578947368274e-01 3.452631578947368274e-01 3.578947368421052377e-02 5.030487831325954199e+07
3.452631578947368274e-01 3.452631578947368274e-01 6.157894736842105254e-02 3.505794672082861513e+07
3.452631578947368274e-01 3.452631578947368274e-01 8.736842105263156744e-02 2.636755860206371173e+07
3.452631578947368274e-01 3.452631578947368274e-01 1.131578947368420962e-01 2.053335846958359703e+07
3.452631578947368274e-01 3.452631578947368274e-01 1.389473684210526250e-01 1.812013928159855679e+07
3.452631578947368274e-01 3.452631578947368274e-01 1.647368421052631537e-01 1.549956452889828384e+07
3.452631578947368274e-01 3.452631578947368274e-01 1.905263157894736825e-01 1.434759997937905416e+07
3.452631578947368274e-01 3.452631578947368274e-01 2.163157894736842113e-01 1.326537180562842451e+07
3.452631578947368274e-01 3.452631578947368274e-01 2.421052631578947401e-01 1.249002141223848052e+07
3.452631578947368274e-01 3.452631578947368274e-01 2.678947368421052411e-01 1.198942555933715776e+07
3.452631578947368274e-01 3.452631578947368274e-01 2.936842105263157698e-01 1.152776333549205214e+07
3.452631578947368274e-01 3.452631578947368274e-01 3.194736842105262986e-01 1.121435984776984528e+07
3.452631578947368274e-01 3.452631578947368274e-01 3.452631578947368274e-01 1.095586724368885532e+07
3.710526315789473562e-01 1.905263157894736825e-01 1.905263157894736825e-01 2.144744283325911686e+07
3.710526315789473562e-01 2.163157894736842113e-01 1.647368421052631537e-01 2.132684085479556024e+07
3.710526315789473562e-01 2.163157894736842113e-01 1.905263157894736825e-01 1.864287099931058288e+07
3.710526315789473562e-01 2.163157894736842113e-01 2.163157894736842113e-01 1.660617742338667065e+07
3.710526315789473562e-01 2.421052631578947401e-01 1.389473684210526250e-01 2.364844696166381985e+07
3.710526315789473562e-01 2.421052631578947401e-01 1.647368421052631537e-01 1.889029559468642622e+07
3.710526315789473562e-01 2.421052631578947401e-01 1.905263157894736825e-01 1.690012901476872340e+07
3.710526315789473562e-01 2.421052631578947401e-01 2.163157894736842113e-01 1.528972123538025469e+07
3.710526315789473562e-01 2.421052631578947401e-01 2.421052631578947401e-01 1.421280696027692780e+07
3.710526315789473562e-01 2.678947368421052411e-01 1.131578947368420962e-01 2.576549844315455481e+07
3.710526315789473562e-01 2.678947368421052411e-01 1.389473684210526250e-01 2.126433311547528207e+07
3.710526315789473562e-01 2.678947368421052411e-01 1.647368421052631537e-01 1.747604345494495705e+07
3.710526315789473562e-01 2.678947368421052411e-01 1.905263157894736825e-01 1.586270512997922301e+07
3.710526315789473562e-01 2.678947368421052411e-01 2.163157894736842113e-01 1.448696307293201424e+07
3.710526315789473562e-01 2.678947368421052411e-01 2.421052631578947401e-01 1.354299585300446674e+07
3.710526315789473562e-01 2.678947368421052411e-01 2.678947368421052411e-01 1.294735459684629366e+07
3.710526315789473562e-01 2.936842105263157698e-01 8.736842105263156744e-02 3.191027960765415803e+07
3.710526315789473562e-01 2.936842105263157698e-01 1.131578947368420962e-01 2.294830421761397272e+07
3.710526315789473562e-01 2.936842105263157698e-01 1.389473684210526250e-01 1.957311039468237385e+07
3.710526315789473562e-01 2.936842105263157698e-01 1.647368421052631537e-01 1.640857143421432003e+07
3.710526315789473562e-01 2.936842105263157698e-01 1.905263157894736825e-01 1.504078560084272549e+07
3.710526315789473562e-01 2.936842105263157698e-01 2.163157894736842113e-01 1.382077598434512690e+07
3.710526315789473562e-01 2.936842105263157698e-01 2.421052631578947401e-01 1.296600130873631313e+07
3.710526315789473562e-01 2.936842105263157698e-01 2.678947368421052411e-01 1.242040175997951627e+07
3.710526315789473562e-01 2.936842105263157698e-01 2.936842105263157698e-01 1.192751210058789514e+07
3.710526315789473562e-01 3.194736842105262986e-01 6.157894736842105254e-02 4.115445453417810798e+07
3.710526315789473562e-01 3.194736842105262986e-01 8.736842105263156744e-02 2.840006903402224928e+07
3.710526315789473562e-01 3.194736842105262986e-01 1.131578947368420962e-01 2.137138637179527059e+07
3.710526315789473562e-01 3.194736842105262986e-01 1.389473684210526250e-01 1.858857638104175404e+07
3.710526315789473562e-01 3.194736842105262986e-01 1.647368421052631537e-01 1.576086629271032661e+07
3.710526315789473562e-01 3.194736842105262986e-01 1.905263157894736825e-01 1.452700223816559836e+07
3.710526315789473562e-01 3.194736842105262986e-01 2.163157894736842113e-01 1.339296036017356627e+07
3.710526315789473562e-01 3.194736842105262986e-01 2.421052631578947401e-01 1.258773272589693964e+07
3.710526315789473562e-01 3.194736842105262986e-01 2.678947368421052411e-01 1.206999290246868506e+07
3.710526315789473562e-01 3.194736842105262986e-01 2.936842105263157698e-01 1.159604872564235330e+07
3.710526315789473562e-01 3.194736842105262986e-01 3.194736842105262986e-01 1.127500771711245179e+07
3.710526315789473562e-01 3.452631578947368274e-01 3.578947368421052377e-02 5.610630679617615789e+07
3.710526315789473562e-01 3.452631578947368274e-01 6.157894736842105254e-02 3.598451477889113128e+07
3.710526315789473562e-01 3.452631578947368274e-01 8.736842105263156744e-02 2.648485831753312796e+07
3.710526315789473562e-01 3.452631578947368274e-01 1.131578947368420962e-01 2.043534961429746076e+07
3.710526315789473562e-01 3.452631578947368274e-01 1.389473684210526250e-01 1.796127752439187095e+07
3.710526315789473562e-01 3.452631578947368274e-01 1.647368421052631537e-01 1.531551633966059983e+07
3.710526315789473562e-01 3.452631578947368274e-01 1.905263157894736825e-01 1.415490123302152008e+07
3.710526315789473562e-01 3.452631578947368274e-01 2.163157894736842113e-01 1.306890117227607220e+07
3.710526315789473562e-01 3.452631578947368274e-01 2.421052631578947401e-01 1.229166831501650810e+07
3.710526315789473562e-01 3.452631578947368274e-01 2.678947368421052411e-01 1.178970166618471406e+07
3.710526315789473562e-01 3.452631578947368274e-01 2.936842105263157698e-01 1.132645669497149810e+07
3.710526315789473562e-01 3.452631578947368274e-01 3.194736842105262986e-01 1.101112695516760647e+07
3.710526315789473562e-01 3.452631578947368274e-01 3.452631578947368274e-01 1.075012619556774944e+07
3.710526315789473562e-01 3.710526315789473562e-01 1.000000000000000021e-02 6.164230575033657253e+07
3.710526315789473562e-01 3.710526315789473562e-01 3.578947368421052377e-02 4.924537600216276199e+07
3.710526315789473562e-01 3.710526315789473562e-01 6.157894736842105254e-02 3.426052713084706664e+07
3.710526315789473562e-01 3.710526315789473562e-01 8.736842105263156744e-02 2.571992253167632222e+07
3.710526315789473562e-01 3.710526315789473562e-01 1.131578947368420962e-01 1.998435062983624265e+07
3.710526315789473562e-01 3.710526315789473562e-01 1.389473684210526250e-01 1.761387553387745842e+07
3.710526315789473562e-01 3.710526315789473562e-01 1.647368421052631537e-01 1.503484826911926642e+07
3.710526315789473562e-01 3.710526315789473562e-01 1.905263157894736825e-01 1.390189724325649813e+07
3.710526315789473562e-01 3.710526315789473562e-01 2.163157894736842113e-01 1.283511407539530843e+07
3.710526315789473562e-01 3.710526315789473562e-01 2.421052631578947401e-01 1.206937869009302929e+07
3.710526315789473562e-01 3.710526315789473562e-01 2.678947368421052411e-01 1.157388957759052515e+07
3.710526315789473562e-01 3.710526315789473562e-01 2.936842105263157698e-01 1.111493514562844858e+07
3.710526315789473562e-01 3.710526315789473562e-01 3.194736842105262986e-01 1.080162061846633628e+07
3.710526315789473562e-01 3.710526315789473562e-01 3.452631578947368274e-01 1.054122737575132772e+07
3.710526315789473562e-01 3.710526315789473562e-01 3.710526315789473562e-01 1.033174124646675587e+07
3.968421052631578849e-01 2.163157894736842113e-01 1.905263157894736825e-01 1.935830592374910787e+07
3.968421052631578849e-01 2.163157894736842113e-01 2.163157894736842113e-01 1.697045008392329141e+07
3.968421052631578849e-01 2.421052631578947401e-01 1.647368421052631537e-01 1.963446488586030155e+07
3.968421052631578849e-01 2.421052631578947401e-01 1.905263157894736825e-01 1.728427209791696072e+07
3.968421052631578849e-01 2.421052631578947401e-01 2.163157894736842113e-01 1.545863392426437885e+07
3.968421052631578849e-01 2.421052631578947401e-01 2.421052631578947401e-01 1.426074369698626548e+07
3.968421052631578849e-01 2.678947368421052411e-01 1.389473684210526250e-01 2.230070259259533510e+07
3.968421052631578849e-01 2.678947368421052411e-01 1.647368421052631537e-01 1.790470606861546263e+07
3.968421052631578849e-01 2.678947368421052411e-01 1.905263157894736825e-01 1.606014088587140664e+07
3.968421052631578849e-01 2.678947368421052411e-01 2.163157894736842113e-01 1.454459348647339270e+07
3.968421052631578849e-01 2.678947368421052411e-01 2.421052631578947401e-01 1.352148062552040815e+07
3.968421052631578849e-01 2.678947368421052411e-01 2.678947368421052411e-01 1.288014390517594293e+07
3.968421052631578849e-01 2.936842105263157698e-01 1.131578947368420962e-01 2.423701936737162992e+07
3.968421052631578849e-01 2.936842105263157698e-01 1.389473684210526250e-01 2.014947836695540324e+07
3.968421052631578849e-01 2.936842105263157698e-01 1.647368421052631537e-01 1.661409270134802535e+07
3.968421052631578849e-01 2.936842105263157698e-01 1.905263157894736825e-01 1.510392648181198165e+07
3.968421052631578849e-01 2.936842105263157698e-01 2.163157894736842113e-01 1.379737068991996162e+07
3.968421052631578849e-01 2.936842105263157698e-01 2.421052631578947401e-01 1.289344494869044237e+07
3.968421052631578849e-01 2.936842105263157698e-01 2.678947368421052411e-01 1.231937138892889768e+07
3.968421052631578849e-01 2.936842105263157698e-01 2.936842105263157698e-01 1.180528181252553500e+07
3.968421052631578849e-01 3.194736842105262986e-01 8.736842105263156744e-02 3.053057047354860976e+07
3.968421052631578849e-01 3.194736842105262986e-01 1.131578947368420962e-01 2.207659382167702168e+07
3.968421052631578849e-01 3.194736842105262986e-01 1.389473684210526250e-01 1.887124960166591778e+07
3.968421052631578849e-01 3.194736842105262986e-01 1.647368421052631537e-01 1.582119704982368276e+07
3.968421052631578849e-01 3.194736842105262986e-01 1.905263157894736825e-01 1.450161348737810180e+07
3.968421052631578849e-01 3.194736842105262986e-01 2.163157894736842113e-01 1.331562561500043236e+07
3.968421052631578849e-01 3.194736842105262986e-01 2.421052631578947401e-01 1.248094760617563128e+07
3.968421052631578849e-01 3.194736842105262986e-01 2.678947368421052411e-01 1.194611511236469448e+07
3.968421052631578849e-01 3.194736842105262986e-01 2.936842105263157698e-01 1.145936004245143943e+07
3.968421052631578849e-01 3.194736842105262986e-01 3.194736842105262986e-01 1.112943514909468405e+07
3.968421052631578849e-01 3.452631578947368274e-01 6.157894736842105254e-02 3.952577594217951596e+07
3.968421052631578849e-01 3.452631578947368274e-01 8.736842105263156744e-02 2.747571065964133292e+07
3.968421052631578849e-01 3.452631578947368274e-01 1.131578947368420962e-01 2.070968111999676377e+07
3.968421052631578849e-01 3.452631578947368274e-01 1.389473684210526250e-01 1.802065626435808837e+07
3.968421052631578849e-01 3.452631578947368274e-01 1.647368421052631537e-01 1.526343582761719450e+07
3.968421052631578849e-01 3.452631578947368274e-01 1.905263157894736825e-01 1.406013047501738742e+07
3.968421052631578849e-01 3.452631578947368274e-01 2.163157894736842113e-01 1.294890918616973050e+07
3.968421052631578849e-01 3.452631578947368274e-01 2.421052631578947401e-01 1.215758494397876039e+07
3.968421052631578849e-01 3.452631578947368274e-01 2.678947368421052411e-01 1.164744007102413848e+07
3.968421052631578849e-01 3.452631578947368274e-01 2.936842105263157698e-01 1.117797742014019936e+07
3.968421052631578849e-01 3.452631578947368274e-01 3.194736842105262986e-01 1.085813457985700667e+07
3.968421052631578849e-01 3.452631578947368274e-01 3.452631578947368274e-01 1.059312433391517214e+07
3.968421052631578849e-01 3.710526315789473562e-01 3.578947368421052377e-02 5.423852769782206416e+07
3.968421052631578849e-01 3.710526315789473562e-01 6.157894736842105254e-02 3.507467285069163144e+07
3.968421052631578849e-01 3.710526315789473562e-01 8.736842105263156744e-02 2.583747452637063339e+07
3.968421052631578849e-01 3.710526315789473562e-01 1.131578947368420962e-01 1.991514714336293936e+07
3.968421052631578849e-01 3.710526315789473562e-01 1.389473684210526250e-01 1.749147661256248876e+07
3.968421052631578849e-01 3.710526315789473562e-01 1.647368421052631537e-01 1.489011083251714706e+07
3.968421052631578849e-01 3.710526315789473562e-01 1.905263157894736825e-01 1.374946332202747464e+07
3.968421052631578849e-01 3.710526315789473562e-01 2.163157894736842113e-01 1.267942744410583936e+07
3.968421052631578849e-01 3.710526315789473562e-01 2.421052631578947401e-01 1.191228813594343141e+07
3.968421052631578849e-01 3.710526315789473562e-01 2.678947368421052411e-01 1.141599133536482602e+07
3.968421052631578849e-01 3.710526315789473562e-01 2.936842105263157698e-01 1.095626646032826416e+07
3.968421052631578849e-01 3.710526315789473562e-01 3.194736842105262986e-01 1.064202670044425875e+07
3.968421052631578849e-01 3.710526315789473562e-01 3.452631578947368274e-01 1.038039810522405058e+07
3.968421052631578849e-01 3.710526315789473562e-01 3.710526315789473562e-01 1.016931091964489594e+07
3.968421052631578849e-01 3.968421052631578849e-01 1.000000000000000021e-02 6.062711698143088818e+07
3.968421052631578849e-01 3.968421052631578849e-01 3.578947368421052377e-02 4.840280123259945214e+07
3.968421052631578849e-01 3.968421052631578849e-01 6.157894736842105254e-02 3.362519374561039358e+07
3.968421052631578849e-01 3.968421052631578849e-01 8.736842105263156744e-02 2.520305340713499114e+07
3.968421052631578849e-01 3.968421052631578849e-01 1.131578947368420962e-01 1.954575202647116408e+07
3.968421052631578849e-01 3.968421052631578849e-01 1.389473684210526250e-01 1.720911971860865876e+07
3.968421052631578849e-01 3.968421052631578849e-01 1.647368421052631537e-01 1.466351134783739969e+07
3.968421052631578849e-01 3.968421052631578849e-01 1.905263157894736825e-01 1.354594510741496459e+07
3.968421052631578849e-01 3.968421052631578849e-01 2.163157894736842113e-01 1.249201947087064385e+07
3.968421052631578849e-01 3.968421052631578849e-01 2.421052631578947401e-01 1.173465262034874782e+07
3.968421052631578849e-01 3.968421052631578849e-01 2.678947368421052411e-01 1.124402002144970000e+07
3.968421052631578849e-01 3.968421052631578849e-01 2.936842105263157698e-01 1.078828307118529081e+07
3.968421052631578849e-01 3.968421052631578849e-01 3.194736842105262986e-01 1.047622019491302595e+07
3.968421052631578849e-01 3.968421052631578849e-01 3.452631578947368274e-01 1.021572359712132066e+07
3.968421052631578849e-01 3.968421052631578849e-01 3.710526315789473562e-01 1.000490178235385939e+07
3.968421052631578849e-01 3.968421052631578849e-01 3.968421052631578849e-01 9.840043632069865242e+06
4.226315789473684137e-01 2.163157894736842113e-01 2.163157894736842113e-01 1.748855610775423422e+07
4.226315789473684137e-01 2.421052631578947401e-01 1.905263157894736825e-01 1.783179951395926252e+07
4.226315789473684137e-01 2.421052631578947401e-01 2.163157894736842113e-01 1.573348719929535314e+07
4.226315789473684137e-01 2.421052631578947401e-01 2.421052631578947401e-01 1.438492014075636119e+07
4.226315789473684137e-01 2.678947368421052411e-01 1.647368421052631537e-01 1.852341917025925592e+07
4.226315789473684137e-01 2.678947368421052411e-01 1.905263157894736825e-01 1.637805775163327903e+07
4.226315789473684137e-01 2.678947368421052411e-01 2.163157894736842113e-01 1.468365534577978030e+07
4.226315789473684137e-01 2.678947368421052411e-01 2.421052631578947401e-01 1.356080519458577968e+07
4.226315789473684137e-01 2.678947368421052411e-01 2.678947368421052411e-01 1.286293251291784644e+07
4.226315789473684137e-01 2.936842105263157698e-01 1.389473684210526250e-01 2.099980857984106243e+07
4.226315789473684137e-01 2.936842105263157698e-01 1.647368421052631537e-01 1.696227522503742576e+07
4.226315789473684137e-01 2.936842105263157698e-01 1.905263157894736825e-01 1.526137586849412695e+07
4.226315789473684137e-01 2.936842105263157698e-01 2.163157894736842113e-01 1.384025882579307258e+07
4.226315789473684137e-01 2.936842105263157698e-01 2.421052631578947401e-01 1.287207431302195974e+07
4.226315789473684137e-01 2.936842105263157698e-01 2.678947368421052411e-01 1.226142405926054344e+07
4.226315789473684137e-01 2.936842105263157698e-01 2.936842105263157698e-01 1.172085075565705448e+07
4.226315789473684137e-01 3.194736842105262986e-01 1.131578947368420962e-01 2.319585795714103803e+07
4.226315789473684137e-01 3.194736842105262986e-01 1.389473684210526250e-01 1.937132735468134284e+07
4.226315789473684137e-01 3.194736842105262986e-01 1.647368421052631537e-01 1.599989887065654621e+07
4.226315789473684137e-01 3.194736842105262986e-01 1.905263157894736825e-01 1.455714257745858654e+07
4.226315789473684137e-01 3.194736842105262986e-01 2.163157894736842113e-01 1.329681658808882907e+07
4.226315789473684137e-01 3.194736842105262986e-01 2.421052631578947401e-01 1.242034648564055376e+07
4.226315789473684137e-01 3.194736842105262986e-01 2.678947368421052411e-01 1.186167790325820073e+07
4.226315789473684137e-01 3.194736842105262986e-01 2.936842105263157698e-01 1.135761390588949062e+07
4.226315789473684137e-01 3.194736842105262986e-01 3.194736842105262986e-01 1.101630100783857331e+07
4.226315789473684137e-01 3.452631578947368274e-01 8.736842105263156744e-02 2.933563710665619001e+07
4.226315789473684137e-01 3.452631578947368274e-01 1.131578947368420962e-01 2.132553245442442596e+07
4.226315789473684137e-01 3.452631578947368274e-01 1.389473684210526250e-01 1.826774418071518838e+07
4.226315789473684137e-01 3.452631578947368274e-01 1.647368421052631537e-01 1.531713329738521948e+07
4.226315789473684137e-01 3.452631578947368274e-01 1.905263157894736825e-01 1.403940391415870376e+07
4.226315789473684137e-01 3.452631578947368274e-01 2.163157894736842113e-01 1.288345956391555443e+07
4.226315789473684137e-01 3.452631578947368274e-01 2.421052631578947401e-01 1.206708799332362413e+07
4.226315789473684137e-01 3.452631578947368274e-01 2.678947368421052411e-01 1.154267578578150272e+07
4.226315789473684137e-01 3.452631578947368274e-01 2.936842105263157698e-01 1.106284551327494159e+07
4.226315789473684137e-01 3.452631578947368274e-01 3.194736842105262986e-01 1.073610953372078948e+07
4.226315789473684137e-01 3.452631578947368274e-01 3.452631578947368274e-01 1.046561952275022678e+07
4.226315789473684137e-01 3.710526315789473562e-01 6.157894736842105254e-02 3.818641558778119832e+07
4.226315789473684137e-01 3.710526315789473562e-01 8.736842105263156744e-02 2.670957305165066943e+07
4.226315789473684137e-01 3.710526315789473562e-01 1.131578947368420962e-01 2.015812714508458227e+07
4.226315789473684137e-01 3.710526315789473562e-01 1.389473684210526250e-01 1.754569085038849711e+07
4.226315789473684137e-01 3.710526315789473562e-01 1.647368421052631537e-01 1.484679543926566467e+07
4.226315789473684137e-01 3.710526315789473562e-01 1.905263157894736825e-01 1.366885514035012573e+07
4.226315789473684137e-01 3.710526315789473562e-01 2.163157894736842113e-01 1.257703586581341363e+07
4.226315789473684137e-01 3.710526315789473562e-01 2.421052631578947401e-01 1.179794220634854399e+07
4.226315789473684137e-01 3.710526315789473562e-01 2.678947368421052411e-01 1.129489811238669604e+07
4.226315789473684137e-01 3.710526315789473562e-01 2.936842105263157698e-01 1.083028394461881369e+07
4.226315789473684137e-01 3.710526315789473562e-01 3.194736842105262986e-01 1.051269597621925175e+07
4.226315789473684137e-01 3.710526315789473562e-01 3.452631578947368274e-01 1.024827074656556919e+07
4.226315789473684137e-01 3.710526315789473562e-01 3.710526315789473562e-01 1.003465837746764161e+07
4.226315789473684137e-01 3.968421052631578849e-01 3.578947368421052377e-02 5.290369194989527762e+07
4.226315789473684137e-01 3.968421052631578849e-01 6.157894736842105254e-02 3.436804329860193282e+07
4.226315789473684137e-01 3.968421052631578849e-01 8.736842105263156744e-02 2.531784427622907236e+07
4.226315789473684137e-01 3.968421052631578849e-01 1.131578947368420962e-01 1.949140833169585094e+07
4.226315789473684137e-01 3.968421052631578849e-01 1.389473684210526250e-01 1.710633969148224220e+07
4.226315789473684137e-01 3.968421052631578849e-01 1.647368421052631537e-01 1.454027113113902882e+07
4.226315789473684137e-01 3.968421052631578849e-01 1.905263157894736825e-01 1.341561870788293704e+07
4.226315789473684137e-01 3.968421052631578849e-01 2.163157894736842113e-01 1.235877616870086640e+07
4.226315789473684137e-01 3.968421052631578849e-01 2.421052631578947401e-01 1.160028093773976155e+07
4.226315789473684137e-01 3.968421052631578849e-01 2.678947368421052411e-01 1.110913037116764113e+07
4.226315789473684137e-01 3.968421052631578849e-01 2.936842105263157698e-01 1.065304488241899759e+07
4.226315789473684137e-01 3.968421052631578849e-01 3.194736842105262986e-01 1.034056017115994543e+07
4.226315789473684137e-01 3.968421052631578849e-01 3.452631578947368274e-01 1.007946821467434429e+07
4.226315789473684137e-01 3.968421052631578849e-01 3.710526315789473562e-01 9.867824739427553490e+06
4.226315789473684137e-01 3.968421052631578849e-01 3.968421052631578849e-01 9.701906182701751590e+06
4.226315789473684137e-01 4.226315789473684137e-01 1.000000000000000021e-02 5.975943338050356507e+07
4.226315789473684137e-01 4.226315789473684137e-01 3.578947368421052377e-02 4.768184616875387728e+07
4.226315789473684137e-01 4.226315789473684137e-01 6.157894736842105254e-02 3.308059007997152582e+07
4.226315789473684137e-01 4.226315789473684137e-01 8.736842105263156744e-02 2.475924914179593697e+07
4.226315789473684137e-01 4.226315789473684137e-01 1.131578947368420962e-01 1.916874507521040365e+07
4.226315789473684137e-01 4.226315789473684137e-01 1.389473684210526250e-01 1.686087475390031934e+07
4.226315789473684137e-01 4.226315789473684137e-01 1.647368421052631537e-01 1.434409994963986054e+07
4.226315789473684137e-01 4.226315789473684137e-01 1.905263157894736825e-01 1.323980979548522830e+07
4.226315789473684137e-01 4.226315789473684137e-01 2.163157894736842113e-01 1.219723909196540900e+07
4.226315789473684137e-01 4.226315789473684137e-01 2.421052631578947401e-01 1.144748248080926761e+07
4.226315789473684137e-01 4.226315789473684137e-01 2.678947368421052411e-01 1.096148342873532139e+07
4.226315789473684137e-01 4.226315789473684137e-01 2.936842105263157698e-01 1.050916952309728041e+07
4.226315789473684137e-01 4.226315789473684137e-01 3.194736842105262986e-01 1.019890218826130964e+07
4.226315789473684137e-01 4.226315789473684137e-01 3.452631578947368274e-01 9.939183639017853886e+06
4.226315789473684137e-01 4.226315789473684137e-01 3.710526315789473562e-01 9.728224173685507849e+06
4.226315789473684137e-01 4.226315789473684137e-01 3.968421052631578849e-01 9.562431864886149764e+06
4.226315789473684137e-01 4.226315789473684137e-01 4.226315789473684137e-01 9.422634783588625491e+06
4.484210526315789425e-01 2.421052631578947401e-01 2.163157894736842113e-01 1.612604894648954272e+07
4.484210526315789425e-01 2.421052631578947401e-01 2.421052631578947401e-01 1.459150182591923699e+07
4.484210526315789425e-01 2.678947368421052411e-01 1.905263157894736825e-01 1.682906164956005663e+07
4.484210526315789425e-01 2.678947368421052411e-01 2.163157894736842113e-01 1.491043736823023111e+07
4.484210526315789425e-01 2.678947368421052411e-01 2.421052631578947401e-01 1.366428975193936378e+07
4.484210526315789425e-01 2.678947368421052411e-01 2.678947368421052411e-01 1.289754078302098438e+07
4.484210526315789425e-01 2.936842105263157698e-01 1.647368421052631537e-01 1.746555187268057093e+07
4.484210526315789425e-01 2.936842105263157698e-01 1.905263157894736825e-01 1.551890084996970743e+07
4.484210526315789425e-01 2.936842105263157698e-01 2.163157894736842113e-01 1.395225176238768920e+07
4.484210526315789425e-01 2.936842105263157698e-01 2.421052631578947401e-01 1.290338169768296555e+07
4.484210526315789425e-01 2.936842105263157698e-01 2.678947368421052411e-01 1.224740758752298728e+07
4.484210526315789425e-01 2.936842105263157698e-01 2.936842105263157698e-01 1.167464925979544595e+07
4.484210526315789425e-01 3.194736842105262986e-01 1.389473684210526250e-01 2.010311964418874308e+07
4.484210526315789425e-01 3.194736842105262986e-01 1.647368421052631537e-01 1.630125667122338712e+07
4.484210526315789425e-01 3.194736842105262986e-01 1.905263157894736825e-01 1.469517332702487148e+07
4.484210526315789425e-01 3.194736842105262986e-01 2.163157894736842113e-01 1.333717218574973755e+07
4.484210526315789425e-01 3.194736842105262986e-01 2.421052631578947401e-01 1.240625275313365087e+07
4.484210526315789425e-01 3.194736842105262986e-01 2.678947368421052411e-01 1.181688783762654290e+07
4.484210526315789425e-01 3.194736842105262986e-01 2.936842105263157698e-01 1.129094833493466116e+07
4.484210526315789425e-01 3.194736842105262986e-01 3.194736842105262986e-01 1.093567235408017226e+07
4.484210526315789425e-01 3.452631578947368274e-01 1.131578947368420962e-01 2.229538873081031442e+07
4.484210526315789425e-01 3.452631578947368274e-01 1.389473684210526250e-01 1.870274169440601021e+07
4.484210526315789425e-01 3.452631578947368274e-01 1.647368421052631537e-01 1.547503761556401849e+07
4.484210526315789425e-01 3.452631578947368274e-01 1.905263157894736825e-01 1.409121572966995463e+07
4.484210526315789425e-01 3.452631578947368274e-01 2.163157894736842113e-01 1.287153904115739092e+07
4.484210526315789425e-01 3.452631578947368274e-01 2.421052631578947401e-01 1.201958033102583885e+07
4.484210526315789425e-01 3.452631578947368274e-01 2.678947368421052411e-01 1.147508539041253366e+07
4.484210526315789425e-01 3.452631578947368274e-01 2.936842105263157698e-01 1.098093230545204133e+07
4.484210526315789425e-01 3.452631578947368274e-01 3.194736842105262986e-01 1.064502041932759248e+07
4.484210526315789425e-01 3.452631578947368274e-01 3.452631578947368274e-01 1.036761026736993901e+07
4.484210526315789425e-01 3.710526315789473562e-01 8.736842105263156744e-02 2.833412887721210346e+07
4.484210526315789425e-01 3.710526315789473562e-01 1.131578947368420962e-01 2.069930082058085874e+07
4.484210526315789425e-01 3.710526315789473562e-01 1.389473684210526250e-01 1.776569210586379096e+07
4.484210526315789425e-01 3.710526315789473562e-01 1.647368421052631537e-01 1.489861973561546952e+07
4.484210526315789425e-01 3.710526315789473562e-01 1.905263157894736825e-01 1.365600931228905171e+07
4.484210526315789425e-01 3.710526315789473562e-01 2.163157894736842113e-01 1.252551538427791372e+07
4.484210526315789425e-01 3.710526315789473562e-01 2.421052631578947401e-01 1.172492746514526382e+07
4.484210526315789425e-01 3.710526315789473562e-01 2.678947368421052411e-01 1.120979112648713030e+07
4.484210526315789425e-01 3.710526315789473562e-01 2.936842105263157698e-01 1.073658292356237583e+07
4.484210526315789425e-01 3.710526315789473562e-01 3.194736842105262986e-01 1.041346098383252509e+07
4.484210526315789425e-01 3.710526315789473562e-01 3.452631578947368274e-01 1.014481384732587077e+07
4.484210526315789425e-01 3.710526315789473562e-01 3.710526315789473562e-01 9.927808365865796804e+06
4.484210526315789425e-01 3.968421052631578849e-01 6.157894736842105254e-02 3.713311938702171296e+07
4.484210526315789425e-01 3.968421052631578849e-01 8.736842105263156744e-02 2.609922928653650358e+07
4.484210526315789425e-01 3.968421052631578849e-01 1.131578947368420962e-01 1.971505150878245011e+07
4.484210526315789425e-01 3.968421052631578849e-01 1.389473684210526250e-01 1.716246565116093680e+07
4.484210526315789425e-01 3.968421052631578849e-01 1.647368421052631537e-01 1.450980517229803279e+07
4.484210526315789425e-01 3.968421052631578849e-01 1.905263157894736825e-01 1.335203352007882111e+07
4.484210526315789425e-01 3.968421052631578849e-01 2.163157894736842113e-01 1.227592475403394736e+07
4.484210526315789425e-01 3.968421052631578849e-01 2.421052631578947401e-01 1.150695522538789734e+07
4.484210526315789425e-01 3.968421052631578849e-01 2.678947368421052411e-01 1.100999455415841192e+07
4.484210526315789425e-01 3.968421052631578849e-01 2.936842105263157698e-01 1.054984099979297072e+07
4.484210526315789425e-01 3.968421052631578849e-01 3.194736842105262986e-01 1.023470102691027895e+07
4.484210526315789425e-01 3.968421052631578849e-01 3.452631578947368274e-01 9.971517929787617177e+06
4.484210526315789425e-01 3.968421052631578849e-01 3.710526315789473562e-01 9.758097408923847601e+06
4.484210526315789425e-01 3.968421052631578849e-01 3.968421052631578849e-01 9.590563469191348180e+06
4.484210526315789425e-01 4.226315789473684137e-01 3.578947368421052377e-02 5.165135407794472575e+07
4.484210526315789425e-01 4.226315789473684137e-01 6.157894736842105254e-02 3.374537866133859009e+07
4.484210526315789425e-01 4.226315789473684137e-01 8.736842105263156744e-02 2.487009839281132072e+07
4.484210526315789425e-01 4.226315789473684137e-01 1.131578947368420962e-01 1.912957794969943538e+07
4.484210526315789425e-01 4.226315789473684137e-01 1.389473684210526250e-01 1.677849781862064451e+07
4.484210526315789425e-01 4.226315789473684137e-01 1.647368421052631537e-01 1.424322494866258278e+07
4.484210526315789425e-01 4.226315789473684137e-01 1.905263157894736825e-01 1.313247048928535730e+07
4.484210526315789425e-01 4.226315789473684137e-01 2.163157894736842113e-01 1.208721590955288149e+07
4.484210526315789425e-01 4.226315789473684137e-01 2.421052631578947401e-01 1.133645618735738285e+07
4.484210526315789425e-01 4.226315789473684137e-01 2.678947368421052411e-01 1.085006180579958484e+07
4.484210526315789425e-01 4.226315789473684137e-01 2.936842105263157698e-01 1.039758813927743584e+07
4.484210526315789425e-01 4.226315789473684137e-01 3.194736842105262986e-01 1.008714774204267934e+07
4.484210526315789425e-01 4.226315789473684137e-01 3.452631578947368274e-01 9.827169599812556058e+06
4.484210526315789425e-01 4.226315789473684137e-01 3.710526315789473562e-01 9.615813985287422314e+06
4.484210526315789425e-01 4.226315789473684137e-01 3.968421052631578849e-01 9.449474672941995785e+06
4.484210526315789425e-01 4.226315789473684137e-01 4.226315789473684137e-01 9.308957489852860570e+06
4.484210526315789425e-01 4.484210526315789425e-01 1.000000000000000021e-02 5.904220799770890176e+07
4.484210526315789425e-01 4.484210526315789425e-01 3.578947368421052377e-02 4.708541544748477638e+07
4.484210526315789425e-01 4.484210526315789425e-01 6.157894736842105254e-02 3.262945039468851686e+07
4.484210526315789425e-01 4.484210526315789425e-01 8.736842105263156744e-02 2.439114997976459563e+07
4.484210526315789425e-01 4.484210526315789425e-01 1.131578947368420962e-01 1.885578892158345506e+07
4.484210526315789425e-01 4.484210526315789425e-01 1.389473684210526250e-01 1.657159040877726302e+07
4.484210526315789425e-01 4.484210526315789425e-01 1.647368421052631537e-01 1.407879678762554005e+07
4.484210526315789425e-01 4.484210526315789425e-01 1.905263157894736825e-01 1.298554555974469334e+07
4.484210526315789425e-01 4.484210526315789425e-01 2.163157894736842113e-01 1.195256239828771167e+07
4.484210526315789425e-01 4.484210526315789425e-01 2.421052631578947401e-01 1.120934918098833039e+07
4.484210526315789425e-01 4.484210526315789425e-01 2.678947368421052411e-01 1.072744449850697815e+07
4.484210526315789425e-01 4.484210526315789425e-01 2.936842105263157698e-01 1.027833051673639938e+07
4.484210526315789425e-01 4.484210526315789425e-01 3.194736842105262986e-01 9.969943146454572678e+06
4.484210526315789425e-01 4.484210526315789425e-01 3.452631578947368274e-01 9.711338358675891533e+06
4.484210526315789425e-01 4.484210526315789425e-01 3.710526315789473562e-01 9.500807184068821371e+06
4.484210526315789425e-01 4.484210526315789425e-01 3.968421052631578849e-01 9.334853891057869419e+06
4.484210526315789425e-01 4.484210526315789425e-01 4.226315789473684137e-01 9.194386661080043763e+06
4.484210526315789425e-01 4.484210526315789425e-01 4.484210526315789425e-01 9.079573842350380495e+06
4.742105263157894712e-01 2.421052631578947401e-01 2.421052631578947401e-01 1.488370240865427628e+07
4.742105263157894712e-01 2.678947368421052411e-01 2.163157894736842113e-01 1.522869602033200860e+07
4.742105263157894712e-01 2.678947368421052411e-01 2.421052631578947401e-01 1.383110461328022555e+07
4.742105263157894712e-01 2.678947368421052411e-01 2.678947368421052411e-01 1.298079181971926615e+07
4.742105263157894712e-01 2.936842105263157698e-01 1.905263157894736825e-01 1.588093281286786869e+07
4.742105263157894712e-01 2.936842105263157698e-01 2.163157894736842113e-01 1.413245474143014476e+07
4.742105263157894712e-01 2.936842105263157698e-01 2.421052631578947401e-01 1.298395946282699332e+07
4.742105263157894712e-01 2.936842105263157698e-01 2.678947368421052411e-01 1.227263839921714365e+07
4.742105263157894712e-01 2.936842105263157698e-01 2.936842105263157698e-01 1.166117724905155227e+07
4.742105263157894712e-01 3.194736842105262986e-01 1.647368421052631537e-01 1.673053305241668224e+07
4.742105263157894712e-01 3.194736842105262986e-01 1.905263157894736825e-01 1.491473791111155227e+07
4.742105263157894712e-01 3.194736842105262986e-01 2.163157894736842113e-01 1.343292301028638706e+07
4.742105263157894712e-01 3.194736842105262986e-01 2.421052631578947401e-01 1.243363663000978529e+07
4.742105263157894712e-01 3.194736842105262986e-01 2.678947368421052411e-01 1.180609564903092757e+07
4.742105263157894712e-01 3.194736842105262986e-01 2.936842105263157698e-01 1.125332856004928239e+07
4.742105263157894712e-01 3.194736842105262986e-01 3.194736842105262986e-01 1.088125160677329078e+07
4.742105263157894712e-01 3.452631578947368274e-01 1.389473684210526250e-01 1.933345676446262747e+07
4.742105263157894712e-01 3.452631578947368274e-01 1.647368421052631537e-01 1.573508537255043909e+07
4.742105263157894712e-01 3.452631578947368274e-01 1.905263157894736825e-01 1.421070333532393910e+07
4.742105263157894712e-01 3.452631578947368274e-01 2.163157894736842113e-01 1.290725316289444827e+07
4.742105263157894712e-01 3.452631578947368274e-01 2.421052631578947401e-01 1.200880365134255029e+07
4.742105263157894712e-01 3.452631578947368274e-01 2.678947368421052411e-01 1.143826866016625986e+07
4.742105263157894712e-01 3.452631578947368274e-01 2.936842105263157698e-01 1.092577207613261417e+07
4.742105263157894712e-01 3.452631578947368274e-01 3.194736842105262986e-01 1.057834241919099912e+07
4.742105263157894712e-01 3.452631578947368274e-01 3.452631578947368274e-01 1.029249822356471047e+07
4.742105263157894712e-01 3.710526315789473562e-01 1.131578947368420962e-01 2.154596226366458833e+07
4.742105263157894712e-01 3.710526315789473562e-01 1.389473684210526250e-01 1.814610747569220141e+07
4.742105263157894712e-01 3.710526315789473562e-01 1.647368421052631537e-01 1.503786079760213569e+07
4.742105263157894712e-01 3.710526315789473562e-01 1.905263157894736825e-01 1.370296634807678312e+07
4.742105263157894712e-01 3.710526315789473562e-01 2.163157894736842113e-01 1.251723563211140037e+07
4.742105263157894712e-01 3.710526315789473562e-01 2.421052631578947401e-01 1.168595433742319047e+07
4.742105263157894712e-01 3.710526315789473562e-01 2.678947368421052411e-01 1.115361973182288185e+07
4.742105263157894712e-01 3.710526315789473562e-01 2.936842105263157698e-01 1.066830686588521302e+07
4.742105263157894712e-01 3.710526315789473562e-01 3.194736842105262986e-01 1.033757170573355444e+07
4.742105263157894712e-01 3.710526315789473562e-01 3.452631578947368274e-01 1.006332864564306661e+07
4.742105263157894712e-01 3.710526315789473562e-01 3.710526315789473562e-01 9.842061846572395414e+06
4.742105263157894712e-01 3.968421052631578849e-01 8.736842105263156744e-02 2.754292719696287438e+07
4.742105263157894712e-01 3.968421052631578849e-01 1.131578947368420962e-01 2.019843487361995503e+07
4.742105263157894712e-01 3.968421052631578849e-01 1.389473684210526250e-01 1.736110889453878254e+07
4.742105263157894712e-01 3.968421052631578849e-01 1.647368421052631537e-01 1.455951741107836738e+07
4.742105263157894712e-01 3.968421052631578849e-01 1.905263157894736825e-01 1.334449374074526876e+07
4.742105263157894712e-01 3.968421052631578849e-01 2.163157894736842113e-01 1.223426461570995674e+07
4.742105263157894712e-01 3.968421052631578849e-01 2.421052631578947401e-01 1.144643047918017581e+07
4.742105263157894712e-01 3.968421052631578849e-01 2.678947368421052411e-01 1.093894209583016112e+07
4.742105263157894712e-01 3.968421052631578849e-01 2.936842105263157698e-01 1.047142628149501048e+07
4.742105263157894712e-01 3.968421052631578849e-01 3.194736842105262986e-01 1.015165085212054849e+07
4.742105263157894712e-01 3.968421052631578849e-01 3.452631578947368274e-01 9.885041565682336688e+06
4.742105263157894712e-01 3.968421052631578849e-01 3.710526315789473562e-01 9.668974409508867189e+06
4.742105263157894712e-01 3.968421052631578849e-01 3.968421052631578849e-01 9.499295533198088408e+06
4.742105263157894712e-01 4.226315789473684137e-01 6.157894736842105254e-02 3.619852882338567823e+07
4.742105263157894712e-01 4.226315789473684137e-01 8.736842105263156744e-02 2.556659845782908052e+07
4.742105263157894712e-01 4.226315789473684137e-01 1.131578947368420962e-01 1.933191956154235080e+07
4.742105263157894712e-01 4.226315789473684137e-01 1.389473684210526250e-01 1.683232666846258566e+07
4.742105263157894712e-01 4.226315789473684137e-01 1.647368421052631537e-01 1.422031392431416549e+07
4.742105263157894712e-01 4.226315789473684137e-01 1.905263157894736825e-01 1.308020050056414120e+07
4.742105263157894712e-01 4.226315789473684137e-01 2.163157894736842113e-01 1.201792962959031388e+07
4.742105263157894712e-01 4.226315789473684137e-01 2.421052631578947401e-01 1.125798174122139812e+07
4.742105263157894712e-01 4.226315789473684137e-01 2.678947368421052411e-01 1.076654919508387148e+07
4.742105263157894712e-01 4.226315789473684137e-01 2.936842105263157698e-01 1.031063754390089959e+07
4.742105263157894712e-01 4.226315789473684137e-01 3.194736842105262986e-01 9.998030217776734382e+06
4.742105263157894712e-01 4.226315789473684137e-01 3.452631578947368274e-01 9.736425821207066998e+06
4.742105263157894712e-01 4.226315789473684137e-01 3.710526315789473562e-01 9.523760915935058147e+06
4.742105263157894712e-01 4.226315789473684137e-01 3.968421052631578849e-01 9.356292409152153879e+06
4.742105263157894712e-01 4.226315789473684137e-01 4.226315789473684137e-01 9.214693614036591724e+06
4.742105263157894712e-01 4.484210526315789425e-01 3.578947368421052377e-02 5.063962521590347588e+07
4.742105263157894712e-01 4.484210526315789425e-01 6.157894736842105254e-02 3.323178706660880148e+07
4.742105263157894712e-01 4.484210526315789425e-01 8.736842105263156744e-02 2.449747263841771334e+07
4.742105263157894712e-01 4.484210526315789425e-01 1.131578947368420962e-01 1.882716110477175564e+07
4.742105263157894712e-01 4.484210526315789425e-01 1.389473684210526250e-01 1.650390606938291341e+07
4.742105263157894712e-01 4.484210526315789425e-01 1.647368421052631537e-01 1.399420473076445051e+07
4.742105263157894712e-01 4.484210526315789425e-01 1.905263157894736825e-01 1.289499377611213364e+07
4.742105263157894712e-01 4.484210526315789425e-01 2.163157894736842113e-01 1.185950633482656255e+07
4.742105263157894712e-01 4.484210526315789425e-01 2.421052631578947401e-01 1.111536521788711846e+07
4.742105263157894712e-01 4.484210526315789425e-01 2.678947368421052411e-01 1.063312366304155067e+07
4.742105263157894712e-01 4.484210526315789425e-01 2.936842105263157698e-01 1.018394070346241444e+07
4.742105263157894712e-01 4.484210526315789425e-01 3.194736842105262986e-01 9.875504671211287379e+06
4.742105263157894712e-01 4.484210526315789425e-01 3.452631578947368274e-01 9.616815482949841768e+06
4.742105263157894712e-01 4.484210526315789425e-01 3.710526315789473562e-01 9.406115996759224683e+06
4.742105263157894712e-01 4.484210526315789425e-01 3.968421052631578849e-01 9.239894242687918246e+06
4.742105263157894712e-01 4.484210526315789425e-01 4.226315789473684137e-01 9.099044923319071531e+06
4.742105263157894712e-01 4.484210526315789425e-01 4.484210526315789425e-01 8.983735089513478801e+06
4.742105263157894712e-01 4.742105263157894712e-01 1.000000000000000021e-02 5.843524735838310421e+07
4.742105263157894712e-01 4.742105263157894712e-01 3.578947368421052377e-02 4.658031653641913831e+07
4.742105263157894712e-01 4.742105263157894712e-01 6.157894736842105254e-02 3.224694941665801406e+07
4.742105263157894712e-01 4.742105263157894712e-01 8.736842105263156744e-02 2.407871005264430866e+07
4.742105263157894712e-01 4.742105263157894712e-01 1.131578947368420962e-01 1.858995219567535818e+07
4.742105263157894712e-01 4.742105263157894712e-01 1.389473684210526250e-01 1.632569570664833859e+07
4.742105263157894712e-01 4.742105263157894712e-01 1.647368421052631537e-01 1.385328853870061785e+07
4.742105263157894712e-01 4.742105263157894712e-01 1.905263157894736825e-01 1.276940494661806151e+07
4.742105263157894712e-01 4.742105263157894712e-01 2.163157894736842113e-01 1.174465819969296455e+07
4.742105263157894712e-01 4.742105263157894712e-01 2.421052631578947401e-01 1.100713794460181519e+07
4.742105263157894712e-01 4.742105263157894712e-01 2.678947368421052411e-01 1.052885612014481798e+07
4.742105263157894712e-01 4.742105263157894712e-01 2.936842105263157698e-01 1.008268018719141744e+07
4.742105263157894712e-01 4.742105263157894712e-01 3.194736842105262986e-01 9.776124695483140647e+06
4.742105263157894712e-01 4.742105263157894712e-01 3.452631578947368274e-01 9.518749918291736394e+06
4.742105263157894712e-01 4.742105263157894712e-01 3.710526315789473562e-01 9.308911209262011573e+06
4.742105263157894712e-01 4.742105263157894712e-01 3.968421052631578849e-01 9.143190805283445865e+06
4.742105263157894712e-01 4.742105263157894712e-01 4.226315789473684137e-01 9.002578568118698895e+06
4.742105263157894712e-01 4.742105263157894712e-01 4.484210526315789425e-01 8.887279034598285332e+06
4.742105263157894712e-01 4.742105263157894712e-01 4.742105263157894712e-01 8.790642079547571018e+06
5.000000000000000000e-01 2.678947368421052411e-01 2.421052631578947401e-01 1.406453829831340909e+07
5.000000000000000000e-01 2.678947368421052411e-01 2.678947368421052411e-01 1.311312338079358637e+07
5.000000000000000000e-01 2.936842105263157698e-01 2.163157894736842113e-01 1.438443594061197899e+07
5.000000000000000000e-01 2.936842105263157698e-01 2.421052631578947401e-01 1.311410990839456581e+07
5.000000000000000000e-01 2.936842105263157698e-01 2.678947368421052411e-01 1.233578901492932439e+07
5.000000000000000000e-01 2.936842105263157698e-01 2.936842105263157698e-01 1.167809984226738475e+07
5.000000000000000000e-01 3.194736842105262986e-01 1.905263157894736825e-01 1.522027831845948845e+07
5.000000000000000000e-01 3.194736842105262986e-01 2.163157894736842113e-01 1.358446918823777512e+07
5.000000000000000000e-01 3.194736842105262986e-01 2.421052631578947401e-01 1.250103158886427060e+07
5.000000000000000000e-01 3.194736842105262986e-01 2.678947368421052411e-01 1.182691692949160561e+07
5.000000000000000000e-01 3.194736842105262986e-01 2.936842105263157698e-01 1.124181129970391095e+07
5.000000000000000000e-01 3.194736842105262986e-01 3.194736842105262986e-01 1.084975553944534622e+07
5.000000000000000000e-01 3.452631578947368274e-01 1.647368421052631537e-01 1.610247987914439663e+07
5.000000000000000000e-01 3.452631578947368274e-01 1.905263157894736825e-01 1.439822147716979682e+07
5.000000000000000000e-01 3.452631578947368274e-01 2.163157894736842113e-01 1.298882756723755226e+07
5.000000000000000000e-01 3.452631578947368274e-01 2.421052631578947401e-01 1.203205607648127899e+07
5.000000000000000000e-01 3.452631578947368274e-01 2.678947368421052411e-01 1.142909021092048660e+07
5.000000000000000000e-01 3.452631578947368274e-01 2.936842105263157698e-01 1.089398140290303901e+07
5.000000000000000000e-01 3.452631578947368274e-01 3.194736842105262986e-01 1.053254059403824620e+07
5.000000000000000000e-01 3.452631578947368274e-01 3.452631578947368274e-01 1.023663081281389296e+07
5.000000000000000000e-01 3.710526315789473562e-01 1.389473684210526250e-01 1.869445059082741663e+07
5.000000000000000000e-01 3.710526315789473562e-01 1.647368421052631537e-01 1.526410583076075092e+07
5.000000000000000000e-01 3.710526315789473562e-01 1.905263157894736825e-01 1.380711488787649386e+07
5.000000000000000000e-01 3.710526315789473562e-01 2.163157894736842113e-01 1.254880804274876788e+07
5.000000000000000000e-01 3.710526315789473562e-01 2.421052631578947401e-01 1.167738320718430355e+07
5.000000000000000000e-01 3.710526315789473562e-01 2.678947368421052411e-01 1.112266496250727400e+07
5.000000000000000000e-01 3.710526315789473562e-01 2.936842105263157698e-01 1.062172047535052337e+07
5.000000000000000000e-01 3.710526315789473562e-01 3.194736842105262986e-01 1.028128320710651204e+07
5.000000000000000000e-01 3.710526315789473562e-01 3.452631578947368274e-01 1.000005447669932246e+07
5.000000000000000000e-01 3.710526315789473562e-01 3.710526315789473562e-01 9.773627739537335932e+06
5.000000000000000000e-01 3.968421052631578849e-01 1.131578947368420962e-01 2.094968613825094327e+07
5.000000000000000000e-01 3.968421052631578849e-01 1.389473684210526250e-01 1.769953943463130295e+07
5.000000000000000000e-01 3.968421052631578849e-01 1.647368421052631537e-01 1.468464850517796725e+07
5.000000000000000000e-01 3.968421052631578849e-01 1.905263157894736825e-01 1.338803153943404928e+07
5.000000000000000000e-01 3.968421052631578849e-01 2.163157894736842113e-01 1.222909318317175284e+07
5.000000000000000000e-01 3.968421052631578849e-01 2.421052631578947401e-01 1.141428534316749126e+07
5.000000000000000000e-01 3.968421052631578849e-01 2.678947368421052411e-01 1.089175497092844732e+07
5.000000000000000000e-01 3.968421052631578849e-01 2.936842105263157698e-01 1.041375459584335797e+07
5.000000000000000000e-01 3.968421052631578849e-01 3.194736842105262986e-01 1.008746976120578498e+07
5.000000000000000000e-01 3.968421052631578849e-01 3.452631578947368274e-01 9.816167030995540321e+06
5.000000000000000000e-01 3.968421052631578849e-01 3.710526315789473562e-01 9.596616562003221363e+06
5.000000000000000000e-01 3.968421052631578849e-01 3.968421052631578849e-01 9.424265977789452299e+06
5.000000000000000000e-01 4.226315789473684137e-01 8.736842105263156744e-02 2.685027875661320612e+07
5.000000000000000000e-01 4.226315789473684137e-01 1.131578947368420962e-01 1.976326135717152804e+07
5.000000000000000000e-01 4.226315789473684137e-01 1.389473684210526250e-01 1.701089764320744947e+07
5.000000000000000000e-01 4.226315789473684137e-01 1.647368421052631537e-01 1.426680347592547908e+07
5.000000000000000000e-01 4.226315789473684137e-01 1.905263157894736825e-01 1.307592163532726653e+07
5.000000000000000000e-01 4.226315789473684137e-01 2.163157894736842113e-01 1.198347588418166339e+07
5.000000000000000000e-01 4.226315789473684137e-01 2.421052631578947401e-01 1.120690783303869516e+07
5.000000000000000000e-01 4.226315789473684137e-01 2.678947368421052411e-01 1.070625100027158856e+07
5.000000000000000000e-01 4.226315789473684137e-01 2.936842105263157698e-01 1.024396590013177507e+07
5.000000000000000000e-01 4.226315789473684137e-01 3.194736842105262986e-01 9.927409399432504550e+06
5.000000000000000000e-01 4.226315789473684137e-01 3.452631578947368274e-01 9.662955754066605121e+06
5.000000000000000000e-01 4.226315789473684137e-01 3.710526315789473562e-01 9.448158327095204964e+06
5.000000000000000000e-01 4.226315789473684137e-01 3.968421052631578849e-01 9.279026182464167476e+06
5.000000000000000000e-01 4.226315789473684137e-01 4.226315789473684137e-01 9.136000637928579003e+06
5.000000000000000000e-01 4.484210526315789425e-01 6.157894736842105254e-02 3.543295356509865820e+07
5.000000000000000000e-01 4.484210526315789425e-01 8.736842105263156744e-02 2.512533360013265535e+07
5.000000000000000000e-01 4.484210526315789425e-01 1.131578947368420962e-01 1.901218890875970200e+07
5.000000000000000000e-01 4.484210526315789425e-01 1.389473684210526250e-01 1.655576100774051994e+07
5.000000000000000000e-01 4.484210526315789425e-01 1.647368421052631537e-01 1.397723788108135201e+07
5.000000000000000000e-01 4.484210526315789425e-01 1.905263157894736825e-01 1.285168143514690921e+07
5.000000000000000000e-01 4.484210526315789425e-01 2.163157894736842113e-01 1.180095612196054868e+07
5.000000000000000000e-01 4.484210526315789425e-01 2.421052631578947401e-01 1.104862159441827983e+07
5.000000000000000000e-01 4.484210526315789425e-01 2.678947368421052411e-01 1.056191952027854510e+07
5.000000000000000000e-01 4.484210526315789425e-01 2.936842105263157698e-01 1.010974868889885768e+07
5.000000000000000000e-01 4.484210526315789425e-01 3.194736842105262986e-01 9.799476577068079263e+06
5.000000000000000000e-01 4.484210526315789425e-01 3.452631578947368274e-01 9.539462326010515913e+06
5.000000000000000000e-01 4.484210526315789425e-01 3.710526315789473562e-01 9.327746059606343508e+06
5.000000000000000000e-01 4.484210526315789425e-01 3.968421052631578849e-01 9.160691013188691810e+06
5.000000000000000000e-01 4.484210526315789425e-01 4.226315789473684137e-01 9.019079170581847429e+06
5.000000000000000000e-01 4.484210526315789425e-01 4.484210526315789425e-01 8.903037599192008376e+06
5.000000000000000000e-01 4.742105263157894712e-01 3.578947368421052377e-02 4.978581199027408659e+07
5.000000000000000000e-01 4.742105263157894712e-01 6.157894736842105254e-02 3.279583010923499987e+07
5.000000000000000000e-01 4.742105263157894712e-01 8.736842105263156744e-02 2.418022265379490703e+07
5.000000000000000000e-01 4.742105263157894712e-01 1.131578947368420962e-01 1.856925392580458522e+07
5.000000000000000000e-01 4.742105263157894712e-01 1.389473684210526250e-01 1.626948152756464854e+07
5.000000000000000000e-01 4.742105263157894712e-01 1.647368421052631537e-01 1.378154093994965777e+07
5.000000000000000000e-01 4.742105263157894712e-01 1.905263157894736825e-01 1.269213776442679577e+07
5.000000000000000000e-01 4.742105263157894712e-01 2.163157894736842113e-01 1.166503699778785557e+07
5.000000000000000000e-01 4.742105263157894712e-01 2.421052631578947401e-01 1.092663770943295211e+07
5.000000000000000000e-01 4.742105263157894712e-01 2.678947368421052411e-01 1.044804509982017241e+07
5.000000000000000000e-01 4.742105263157894712e-01 2.936842105263157698e-01 1.000183907379363105e+07
5.000000000000000000e-01 4.742105263157894712e-01 3.194736842105262986e-01 9.695294400264598429e+06
5.000000000000000000e-01 4.742105263157894712e-01 3.452631578947368274e-01 9.437925983793340623e+06
5.000000000000000000e-01 4.742105263157894712e-01 3.710526315789473562e-01 9.228042855984054506e+06
5.000000000000000000e-01 4.742105263157894712e-01 3.968421052631578849e-01 9.062209589914653450e+06
5.000000000000000000e-01 4.742105263157894712e-01 4.226315789473684137e-01 8.921407636591207236e+06
5.000000000000000000e-01 4.742105263157894712e-01 4.484210526315789425e-01 8.805838952581610531e+06
5.000000000000000000e-01 4.742105263157894712e-01 4.742105263157894712e-01 8.708850812874320894e+06
5.000000000000000000e-01 5.000000000000000000e-01 1.000000000000000021e-02 5.791555602193689346e+07
5.000000000000000000e-01 5.000000000000000000e-01 3.578947368421052377e-02 4.614757582924352586e+07
5.000000000000000000e-01 5.000000000000000000e-01 6.157894736842105254e-02 3.191891701199489087e+07
5.000000000000000000e-01 5.000000000000000000e-01 8.736842105263156744e-02 2.381050588667361438e+07
5.000000000000000000e-01 5.000000000000000000e-01 1.131578947368420962e-01 1.836159966022905335e+07
5.000000000000000000e-01 5.000000000000000000e-01 1.389473684210526250e-01 1.611434453564688563e+07
5.000000000000000000e-01 5.000000000000000000e-01 1.647368421052631537e-01 1.365945081992821023e+07
5.000000000000000000e-01 5.000000000000000000e-01 1.905263157894736825e-01 1.258359566900800914e+07
5.000000000000000000e-01 5.000000000000000000e-01 2.163157894736842113e-01 1.156597740340801701e+07
5.000000000000000000e-01 5.000000000000000000e-01 2.421052631578947401e-01 1.083342920080427825e+07
5.000000000000000000e-01 5.000000000000000000e-01 2.678947368421052411e-01 1.035834582682980224e+07
5.000000000000000000e-01 5.000000000000000000e-01 2.936842105263157698e-01 9.914831385925881565e+06
5.000000000000000000e-01 5.000000000000000000e-01 3.194736842105262986e-01 9.609994414905641228e+06
5.000000000000000000e-01 5.000000000000000000e-01 3.452631578947368274e-01 9.353852476878132671e+06
5.000000000000000000e-01 5.000000000000000000e-01 3.710526315789473562e-01 9.144812412472318858e+06
5.000000000000000000e-01 5.000000000000000000e-01 3.968421052631578849e-01 8.979519929745202884e+06
5.000000000000000000e-01 5.000000000000000000e-01 4.226315789473684137e-01 8.839044043871240690e+06
5.000000000000000000e-01 5.000000000000000000e-01 4.484210526315789425e-01 8.723618578687541187e+06
5.000000000000000000e-01 5.000000000000000000e-01 4.742105263157894712e-01 8.626624015002317727e+06
5.000000000000000000e-01 5.000000000000000000e-01 5.000000000000000000e-01 8.544261240380138159e+06
