1.000000000000000021e-02 1.000000000000000021e-02 1.000000000000000021e-02 1.939999478063088357e+08
3.578947368421052377e-02 3.578947368421052377e-02 1.000000000000000021e-02 1.853412981667111516e+08
3.578947368421052377e-02 3.578947368421052377e-02 3.578947368421052377e-02 1.295504813232413679e+08
6.157894736842105254e-02 3.578947368421052377e-02 3.578947368421052377e-02 2.331695754693897069e+08
6.157894736842105254e-02 6.157894736842105254e-02 1.000000000000000021e-02 1.418487563422843516e+08
6.157894736842105254e-02 6.157894736842105254e-02 3.578947368421052377e-02 1.013186933196682781e+08
6.157894736842105254e-02 6.157894736842105254e-02 6.157894736842105254e-02 6.750351007025726140e+07
8.736842105263156744e-02 6.157894736842105254e-02 3.578947368421052377e-02 1.795765336379081011e+08
8.736842105263156744e-02 6.157894736842105254e-02 6.157894736842105254e-02 7.542554722191178799e+07
8.736842105263156744e-02 8.736842105263156744e-02 1.000000000000000021e-02 1.094864173604010791e+08
8.736842105263156744e-02 8.736842105263156744e-02 3.578947368421052377e-02 8.224968991177885234e+07
8.736842105263156744e-02 8.736842105263156744e-02 6.157894736842105254e-02 5.271643730856275558e+07
8.736842105263156744e-02 8.736842105263156744e-02 8.736842105263156744e-02 3.993341088537911326e+07
1.131578947368420962e-01 6.157894736842105254e-02 6.157894736842105254e-02 1.359611860778251290e+08
1.131578947368420962e-01 8.736842105263156744e-02 3.578947368421052377e-02 1.400038108965658247e+08
1.131578947368420962e-01 8.736842105263156744e-02 6.157894736842105254e-02 6.199254698212704062e+07
1.131578947368420962e-01 8.736842105263156744e-02 8.736842105263156744e-02 3.913119237299513817e+07
1.131578947368420962e-01 1.131578947368420962e-01 1.000000000000000021e-02 8.477604482159020007e+07
1.131578947368420962e-01 1.131578947368420962e-01 3.578947368421052377e-02 6.533323750731856376e+07
1.131578947368420962e-01 1.131578947368420962e-01 6.157894736842105254e-02 4.285913106732995063e+07
1.131578947368420962e-01 1.131578947368420962e-01 8.736842105263156744e-02 3.085279351880573854e+07
1.131578947368420962e-01 1.131578947368420962e-01 1.131578947368420962e-01 2.459509954493398964e+07
1.389473684210526250e-01 8.736842105263156744e-02 6.157894736842105254e-02 1.003888087287140489e+08
1.389473684210526250e-01 8.736842105263156744e-02 8.736842105263156744e-02 4.993436341696795821e+07
1.389473684210526250e-01 1.131578947368420962e-01 3.578947368421052377e-02 9.985471585715019703e+07
1.389473684210526250e-01 1.131578947368420962e-01 6.157894736842105254e-02 4.886153552730140090e+07
1.389473684210526250e-01 1.131578947368420962e-01 8.736842105263156744e-02 3.193062391817172244e+07
1.389473684210526250e-01 1.131578947368420962e-01 1.131578947368420962e-01 2.365899564964769036e+07
1.389473684210526250e-01 1.389473684210526250e-01 1.000000000000000021e-02 7.383896530037952960e+07
1.389473684210526250e-01 1.389473684210526250e-01 3.578947368421052377e-02 5.755746978122477233e+07
1.389473684210526250e-01 1.389473684210526250e-01 6.157894736842105254e-02 3.835003307111588120e+07
1.389473684210526250e-01 1.389473684210526250e-01 8.736842105263156744e-02 2.767150983860849589e+07
1.389473684210526250e-01 1.389473684210526250e-01 1.131578947368420962e-01 2.122355711882371083e+07
1.389473684210526250e-01 1.389473684210526250e-01 1.389473684210526250e-01 1.896749734767773747e+07
1.647368421052631537e-01 8.736842105263156744e-02 8.736842105263156744e-02 7.474260998315490782e+07
1.647368421052631537e-01 1.131578947368420962e-01 6.157894736842105254e-02 7.494136040404175222e+07
1.647368421052631537e-01 1.131578947368420962e-01 8.736842105263156744e-02 3.938478032882106304e+07
1.647368421052631537e-01 1.131578947368420962e-01 1.131578947368420962e-01 2.535069333984264731e+07
1.647368421052631537e-01 1.389473684210526250e-01 3.578947368421052377e-02 9.204725479928769171e+07
1.647368421052631537e-01 1.389473684210526250e-01 6.157894736842105254e-02 4.385585806293925643e+07
1.647368421052631537e-01 1.389473684210526250e-01 8.736842105263156744e-02 2.846947058990840986e+07
1.647368421052631537e-01 1.389473684210526250e-01 1.131578947368420962e-01 2.058281800661837682e+07
1.647368421052631537e-01 1.389473684210526250e-01 1.389473684210526250e-01 1.762726790534283966e+07
1.647368421052631537e-01 1.647368421052631537e-01 1.000000000000000021e-02 6.154372518805924058e+07
1.647368421052631537e-01 1.647368421052631537e-01 3.578947368421052377e-02 4.827966728073458374e+07
1.647368421052631537e-01 1.647368421052631537e-01 6.157894736842105254e-02 3.245377623846659064e+07
1.647368421052631537e-01 1.647368421052631537e-01 8.736842105263156744e-02 2.350250117470393330e+07
1.647368421052631537e-01 1.647368421052631537e-01 1.131578947368420962e-01 1.776848628774815053e+07
1.647368421052631537e-01 1.647368421052631537e-01 1.389473684210526250e-01 1.543317536366760544e+07
1.647368421052631537e-01 1.647368421052631537e-01 1.647368421052631537e-01 1.338021756433933973e+07
1.905263157894736825e-01 1.131578947368420962e-01 8.736842105263156744e-02 5.441425507666972280e+07
1.905263157894736825e-01 1.131578947368420962e-01 1.131578947368420962e-01 3.056379214175876230e+07
1.905263157894736825e-01 1.389473684210526250e-01 6.157894736842105254e-02 6.442652942088150978e+07
1.905263157894736825e-01 1.389473684210526250e-01 8.736842105263156744e-02 3.472220862505186349e+07
1.905263157894736825e-01 1.389473684210526250e-01 1.131578947368420962e-01 2.261936457912096009e+07
1.905263157894736825e-01 1.389473684210526250e-01 1.389473684210526250e-01 1.825481738709602877e+07
1.905263157894736825e-01 1.647368421052631537e-01 3.578947368421052377e-02 6.936625778984205425e+07
1.905263157894736825e-01 1.647368421052631537e-01 6.157894736842105254e-02 3.603252313646931946e+07
1.905263157894736825e-01 1.647368421052631537e-01 8.736842105263156744e-02 2.421835113759920374e+07
1.905263157894736825e-01 1.647368421052631537e-01 1.131578947368420962e-01 1.767879363827271387e+07
1.905263157894736825e-01 1.647368421052631537e-01 1.389473684210526250e-01 1.506508212394107506e+07
1.905263157894736825e-01 1.647368421052631537e-01 1.647368421052631537e-01 1.275844777349551395e+07
1.905263157894736825e-01 1.905263157894736825e-01 1.000000000000000021e-02 5.594077328452371061e+07
1.905263157894736825e-01 1.905263157894736825e-01 3.578947368421052377e-02 4.400795667278303206e+07
1.905263157894736825e-01 1.905263157894736825e-01 6.157894736842105254e-02 2.970152845736697689e+07
1.905263157894736825e-01 1.905263157894736825e-01 8.736842105263156744e-02 2.157323920903657004e+07
1.905263157894736825e-01 1.905263157894736825e-01 1.131578947368420962e-01 1.626243491452518851e+07
1.905263157894736825e-01 1.905263157894736825e-01 1.389473684210526250e-01 1.404216829710635729e+07
1.905263157894736825e-01 1.905263157894736825e-01 1.647368421052631537e-01 1.191127635854063742e+07
1.905263157894736825e-01 1.905263157894736825e-01 1.905263157894736825e-01 1.106356358713943511e+07
2.163157894736842113e-01 1.131578947368420962e-01 1.131578947368420962e-01 3.978716819332955778e+07
2.163157894736842113e-01 1.389473684210526250e-01 8.736842105263156744e-02 4.664984761202016473e+07
2.163157894736842113e-01 1.389473684210526250e-01 1.131578947368420962e-01 2.684374585983408615e+07
2.163157894736842113e-01 1.389473684210526250e-01 1.389473684210526250e-01 2.008812454553098604e+07
2.163157894736842113e-01 1.647368421052631537e-01 6.157894736842105254e-02 5.058311324977439642e+07
2.163157894736842113e-01 1.647368421052631537e-01 8.736842105263156744e-02 2.847423709785537049e+07
2.163157894736842113e-01 1.647368421052631537e-01 1.131578947368420962e-01 1.899297074636276066e+07
2.163157894736842113e-01 1.647368421052631537e-01 1.389473684210526250e-01 1.545293197867366485e+07
2.163157894736842113e-01 1.647368421052631537e-01 1.647368421052631537e-01 1.257026409083403833e+07
2.163157894736842113e-01 1.905263157894736825e-01 3.578947368421052377e-02 6.393238435552509129e+07
2.163157894736842113e-01 1.905263157894736825e-01 6.157894736842105254e-02 3.299243716329644248e+07
2.163157894736842113e-01 1.905263157894736825e-01 8.736842105263156744e-02 2.216136793153665215e+07
2.163157894736842113e-01 1.905263157894736825e-01 1.131578947368420962e-01 1.612966704660575651e+07
2.163157894736842113e-01 1.905263157894736825e-01 1.389473684210526250e-01 1.369026099846842326e+07
2.163157894736842113e-01 1.905263157894736825e-01 1.647368421052631537e-01 1.141200303090908565e+07
2.163157894736842113e-01 1.905263157894736825e-01 1.905263157894736825e-01 1.045868132964248396e+07
2.163157894736842113e-01 2.163157894736842113e-01 1.000000000000000021e-02 5.060297057600022852e+07
2.163157894736842113e-01 2.163157894736842113e-01 3.578947368421052377e-02 3.985704264980923384e+07
2.163157894736842113e-01 2.163157894736842113e-01 6.157894736842105254e-02 2.693444769961641356e+07
2.163157894736842113e-01 2.163157894736842113e-01 8.736842105263156744e-02 1.957699984721222147e+07
2.163157894736842113e-01 2.163157894736842113e-01 1.131578947368420962e-01 1.471619517556852289e+07
2.163157894736842113e-01 2.163157894736842113e-01 1.389473684210526250e-01 1.266711460284944810e+07
2.163157894736842113e-01 2.163157894736842113e-01 1.647368421052631537e-01 1.060939630847333372e+07
2.163157894736842113e-01 2.163157894736842113e-01 1.905263157894736825e-01 9.720715729192899540e+06
2.163157894736842113e-01 2.163157894736842113e-01 2.163157894736842113e-01 8.983980104134254158e+06
2.421052631578947401e-01 1.389473684210526250e-01 1.131578947368420962e-01 3.381227056218601018e+07
2.421052631578947401e-01 1.389473684210526250e-01 1.389473684210526250e-01 2.341430370031256974e+07
2.421052631578947401e-01 1.647368421052631537e-01 8.736842105263156744e-02 3.671403318336737901e+07
2.421052631578947401e-01 1.647368421052631537e-01 1.131578947368420962e-01 2.191350031934186444e+07
2.421052631578947401e-01 1.647368421052631537e-01 1.389473684210526250e-01 1.676250175038600899e+07
2.421052631578947401e-01 1.647368421052631537e-01 1.647368421052631537e-01 1.296447823329030909e+07
2.421052631578947401e-01 1.905263157894736825e-01 6.157894736842105254e-02 4.551525405331636965e+07
2.421052631578947401e-01 1.905263157894736825e-01 8.736842105263156744e-02 2.585720530536923930e+07
2.421052631578947401e-01 1.905263157894736825e-01 1.131578947368420962e-01 1.732319447678663582e+07
2.421052631578947401e-01 1.905263157894736825e-01 1.389473684210526250e-01 1.411588089213586599e+07
2.421052631578947401e-01 1.905263157894736825e-01 1.647368421052631537e-01 1.139720360123147070e+07
2.421052631578947401e-01 1.905263157894736825e-01 1.905263157894736825e-01 1.024142397690206580e+07
2.421052631578947401e-01 2.163157894736842113e-01 3.578947368421052377e-02 5.595211801167183369e+07
2.421052631578947401e-01 2.163157894736842113e-01 6.157894736842105254e-02 2.962510473419753835e+07
2.421052631578947401e-01 2.163157894736842113e-01 8.736842105263156744e-02 2.007831046460009366e+07
2.421052631578947401e-01 2.163157894736842113e-01 1.131578947368420962e-01 1.463907120761561953e+07
2.421052631578947401e-01 2.163157894736842113e-01 1.389473684210526250e-01 1.242391840431686305e+07
2.421052631578947401e-01 2.163157894736842113e-01 1.647368421052631537e-01 1.027562974370222539e+07
2.421052631578947401e-01 2.163157894736842113e-01 1.905263157894736825e-01 9.337169134778449312e+06
2.421052631578947401e-01 2.163157894736842113e-01 2.163157894736842113e-01 8.546203619742356241e+06
2.421052631578947401e-01 2.421052631578947401e-01 1.000000000000000021e-02 4.671053754382839054e+07
2.421052631578947401e-01 2.421052631578947401e-01 3.578947368421052377e-02 3.680167349409417063e+07
2.421052631578947401e-01 2.421052631578947401e-01 6.157894736842105254e-02 2.486443216779429838e+07
2.421052631578947401e-01 2.421052631578947401e-01 8.736842105263156744e-02 1.806306909723891318e+07
2.421052631578947401e-01 2.421052631578947401e-01 1.131578947368420962e-01 1.354330765287092514e+07
2.421052631578947401e-01 2.421052631578947401e-01 1.389473684210526250e-01 1.163722278395647742e+07
2.421052631578947401e-01 2.421052631578947401e-01 1.647368421052631537e-01 9.675399551738156006e+06
2.421052631578947401e-01 2.421052631578947401e-01 1.905263157894736825e-01 8.805837375672765076e+06
2.421052631578947401e-01 2.421052631578947401e-01 2.163157894736842113e-01 8.045246485806933604e+06
2.421052631578947401e-01 2.421052631578947401e-01 2.421052631578947401e-01 7.541700886897943914e+06
2.678947368421052411e-01 1.389473684210526250e-01 1.389473684210526250e-01 2.846408358795761690e+07
2.678947368421052411e-01 1.647368421052631537e-01 1.131578947368420962e-01 2.658537435272564366e+07
2.678947368421052411e-01 1.647368421052631537e-01 1.389473684210526250e-01 1.901674380580095574e+07
2.678947368421052411e-01 1.647368421052631537e-01 1.647368421052631537e-01 1.391606448030386679e+07
2.678947368421052411e-01 1.905263157894736825e-01 8.736842105263156744e-02 3.258414385378538445e+07
2.678947368421052411e-01 1.905263157894736825e-01 1.131578947368420962e-01 1.974355516092737392e+07
2.678947368421052411e-01 1.905263157894736825e-01 1.389473684210526250e-01 1.524474369553795271e+07
2.678947368421052411e-01 1.905263157894736825e-01 1.647368421052631537e-01 1.181463977469203994e+07
2.678947368421052411e-01 1.905263157894736825e-01 1.905263157894736825e-01 1.036320435630515218e+07
2.678947368421052411e-01 2.163157894736842113e-01 6.157894736842105254e-02 3.935855750122119486e+07
2.678947368421052411e-01 2.163157894736842113e-01 8.736842105263156744e-02 2.297317490869743377e+07
2.678947368421052411e-01 2.163157894736842113e-01 1.131578947368420962e-01 1.560053201009550132e+07
2.678947368421052411e-01 2.163157894736842113e-01 1.389473684210526250e-01 1.279842848959236220e+07
2.678947368421052411e-01 2.163157894736842113e-01 1.647368421052631537e-01 1.032619305104999617e+07
2.678947368421052411e-01 2.163157894736842113e-01 1.905263157894736825e-01 9.251555404589045793e+06
2.678947368421052411e-01 2.163157894736842113e-01 2.163157894736842113e-01 8.361672087698292919e+06
2.678947368421052411e-01 2.421052631578947401e-01 3.578947368421052377e-02 4.918339280734886974e+07
2.678947368421052411e-01 2.421052631578947401e-01 6.157894736842105254e-02 2.698994544947488979e+07
2.678947368421052411e-01 2.421052631578947401e-01 8.736842105263156744e-02 1.849848781407495216e+07
2.678947368421052411e-01 2.421052631578947401e-01 1.131578947368420962e-01 1.352812099609655701e+07
2.678947368421052411e-01 2.421052631578947401e-01 1.389473684210526250e-01 1.149422970041232929e+07
2.678947368421052411e-01 2.421052631578947401e-01 1.647368421052631537e-01 9.468970603425145149e+06
2.678947368421052411e-01 2.421052631578947401e-01 1.905263157894736825e-01 8.571209388225208968e+06
2.678947368421052411e-01 2.421052631578947401e-01 2.163157894736842113e-01 7.785284772510559298e+06
2.678947368421052411e-01 2.421052631578947401e-01 2.421052631578947401e-01 7.255492851213270798e+06
2.678947368421052411e-01 2.678947368421052411e-01 1.000000000000000021e-02 4.413518415992578119e+07
2.678947368421052411e-01 2.678947368421052411e-01 3.578947368421052377e-02 3.476971401338160038e+07
2.678947368421052411e-01 2.678947368421052411e-01 6.157894736842105254e-02 2.347525580432153866e+07
2.678947368421052411e-01 2.678947368421052411e-01 8.736842105263156744e-02 1.703900942306866497e+07
2.678947368421052411e-01 2.678947368421052411e-01 1.131578947368420962e-01 1.274841841330561973e+07
2.678947368421052411e-01 2.678947368421052411e-01 1.389473684210526250e-01 1.094229908083378710e+07
2.678947368421052411e-01 2.678947368421052411e-01 1.647368421052631537e-01 9.056859471284940839e+06
2.678947368421052411e-01 2.678947368421052411e-01 1.905263157894736825e-01 8.214561502517138608e+06
2.678947368421052411e-01 2.678947368421052411e-01 2.163157894736842113e-01 7.459527398036636412e+06
2.678947368421052411e-01 2.678947368421052411e-01 2.421052631578947401e-01 6.939918952896248549e+06
2.678947368421052411e-01 2.678947368421052411e-01 2.678947368421052411e-01 6.620636888936060481e+06
2.936842105263157698e-01 1.647368421052631537e-01 1.389473684210526250e-01 2.238822545298869535e+07
2.936842105263157698e-01 1.647368421052631537e-01 1.647368421052631537e-01 1.543137413922983781e+07
2.936842105263157698e-01 1.905263157894736825e-01 1.131578947368420962e-01 2.356917929380828515e+07
2.936842105263157698e-01 1.905263157894736825e-01 1.389473684210526250e-01 1.708226502638686821e+07
2.936842105263157698e-01 1.905263157894736825e-01 1.647368421052631537e-01 1.259832504114035703e+07
2.936842105263157698e-01 1.905263157894736825e-01 1.905263157894736825e-01 1.072553087494521402e+07
2.936842105263157698e-01 2.163157894736842113e-01 8.736842105263156744e-02 2.839154013431724161e+07
2.936842105263157698e-01 2.163157894736842113e-01 1.131578947368420962e-01 1.751978999397826940e+07
2.936842105263157698e-01 2.163157894736842113e-01 1.389473684210526250e-01 1.367393459955730103e+07
2.936842105263157698e-01 2.163157894736842113e-01 1.647368421052631537e-01 1.063966396119724773e+07
2.936842105263157698e-01 2.163157894736842113e-01 1.905263157894736825e-01 9.338485515547199175e+06
2.936842105263157698e-01 2.163157894736842113e-01 2.163157894736842113e-01 8.298746802772962488e+06
2.936842105263157698e-01 2.421052631578947401e-01 6.157894736842105254e-02 3.515359004678084701e+07
2.936842105263157698e-01 2.421052631578947401e-01 8.736842105263156744e-02 2.088420257678876445e+07
2.936842105263157698e-01 2.421052631578947401e-01 1.131578947368420962e-01 1.429151299048950709e+07
2.936842105263157698e-01 2.421052631578947401e-01 1.389473684210526250e-01 1.176881936262639426e+07
2.936842105263157698e-01 2.421052631578947401e-01 1.647368421052631537e-01 9.482843575059283525e+06
2.936842105263157698e-01 2.421052631578947401e-01 1.905263157894736825e-01 8.479849926423301920e+06
2.936842105263157698e-01 2.421052631578947401e-01 2.163157894736842113e-01 7.623429672329707071e+06
2.936842105263157698e-01 2.421052631578947401e-01 2.421052631578947401e-01 7.045010556189924479e+06
2.936842105263157698e-01 2.678947368421052411e-01 3.578947368421052377e-02 4.642965654861027002e+07
2.936842105263157698e-01 2.678947368421052411e-01 6.157894736842105254e-02 2.546677702774295956e+07
2.936842105263157698e-01 2.678947368421052411e-01 8.736842105263156744e-02 1.743635486123800278e+07
2.936842105263157698e-01 2.678947368421052411e-01 1.131578947368420962e-01 1.272318772837093659e+07
2.936842105263157698e-01 2.678947368421052411e-01 1.389473684210526250e-01 1.079796172774736956e+07
2.936842105263157698e-01 2.678947368421052411e-01 1.647368421052631537e-01 8.858773876970989630e+06
2.936842105263157698e-01 2.678947368421052411e-01 1.905263157894736825e-01 7.995214728754500858e+06
2.936842105263157698e-01 2.678947368421052411e-01 2.163157894736842113e-01 7.224863792411197908e+06
2.936842105263157698e-01 2.678947368421052411e-01 2.421052631578947401e-01 6.691278584583023563e+06
2.936842105263157698e-01 2.678947368421052411e-01 2.678947368421052411e-01 6.357138946071077138e+06
2.936842105263157698e-01 2.936842105263157698e-01 1.000000000000000021e-02 4.174690334523963928e+07
2.936842105263157698e-01 2.936842105263157698e-01 3.578947368421052377e-02 3.287284989727840945e+07
2.936842105263157698e-01 2.936842105263157698e-01 6.157894736842105254e-02 2.216310978571118042e+07
2.936842105263157698e-01 2.936842105263157698e-01 8.736842105263156744e-02 1.605995915427417681e+07
2.936842105263157698e-01 2.936842105263157698e-01 1.131578947368420962e-01 1.198289516488957964e+07
2.936842105263157698e-01 2.936842105263157698e-01 1.389473684210526250e-01 1.027034587125207670e+07
2.936842105263157698e-01 2.936842105263157698e-01 1.647368421052631537e-01 8.464838208809802309e+06
2.936842105263157698e-01 2.936842105263157698e-01 1.905263157894736825e-01 7.656065450029209256e+06
2.936842105263157698e-01 2.936842105263157698e-01 2.163157894736842113e-01 6.920114051394209266e+06
2.936842105263157698e-01 2.936842105263157698e-01 2.421052631578947401e-01 6.403340560396491550e+06
2.936842105263157698e-01 2.936842105263157698e-01 2.678947368421052411e-01 6.074520469877943397e+06
2.936842105263157698e-01 2.936842105263157698e-01 2.936842105263157698e-01 5.789747026676431298e+06
3.194736842105262986e-01 1.647368421052631537e-01 1.647368421052631537e-01 1.761832826343060285e+07
3.194736842105262986e-01 1.905263157894736825e-01 1.389473684210526250e-01 1.974262786903214827e+07
3.194736842105262986e-01 1.905263157894736825e-01 1.647368421052631537e-01 1.381537265442714654e+07
3.194736842105262986e-01 1.905263157894736825e-01 1.905263157894736825e-01 1.138271927577177249e+07
3.194736842105262986e-01 2.163157894736842113e-01 1.131578947368420962e-01 2.048332214332919568e+07
3.194736842105262986e-01 2.163157894736842113e-01 1.389473684210526250e-01 1.510369588979805447e+07
3.194736842105262986e-01 2.163157894736842113e-01 1.647368421052631537e-01 1.126419074714794941e+07
3.194736842105262986e-01 2.163157894736842113e-01 1.905263157894736825e-01 9.646894417865607888e+06
3.194736842105262986e-01 2.163157894736842113e-01 2.163157894736842113e-01 8.407602239194912836e+06
3.194736842105262986e-01 2.421052631578947401e-01 8.736842105263156744e-02 2.522357014913155511e+07
3.194736842105262986e-01 2.421052631578947401e-01 1.131578947368420962e-01 1.583905690043671988e+07
3.194736842105262986e-01 2.421052631578947401e-01 1.389473684210526250e-01 1.248545774451959319e+07
3.194736842105262986e-01 2.421052631578947401e-01 1.647368421052631537e-01 9.756501166815197095e+06
3.194736842105262986e-01 2.421052631578947401e-01 1.905263157894736825e-01 8.578500212614534423e+06
3.194736842105262986e-01 2.421052631578947401e-01 2.163157894736842113e-01 7.610801083715343848e+06
3.194736842105262986e-01 2.421052631578947401e-01 2.421052631578947401e-01 6.963789018152882345e+06
3.194736842105262986e-01 2.678947368421052411e-01 6.157894736842105254e-02 3.245587676263990626e+07
3.194736842105262986e-01 2.678947368421052411e-01 8.736842105263156744e-02 1.950872750793515518e+07
3.194736842105262986e-01 2.678947368421052411e-01 1.131578947368420962e-01 1.341203017710869573e+07
3.194736842105262986e-01 2.678947368421052411e-01 1.389473684210526250e-01 1.106967770053872280e+07
3.194736842105262986e-01 2.678947368421052411e-01 1.647368421052631537e-01 8.909500420446567237e+06
3.194736842105262986e-01 2.678947368421052411e-01 1.905263157894736825e-01 7.958780293222190812e+06
3.194736842105262986e-01 2.678947368421052411e-01 2.163157894736842113e-01 7.132978374013793655e+06
3.194736842105262986e-01 2.678947368421052411e-01 2.421052631578947401e-01 6.564443090694903396e+06
3.194736842105262986e-01 2.678947368421052411e-01 2.678947368421052411e-01 6.206017339874122292e+06
3.194736842105262986e-01 2.936842105263157698e-01 3.578947368421052377e-02 4.211745797207614779e+07
3.194736842105262986e-01 2.936842105263157698e-01 6.157894736842105254e-02 2.377550649410998449e+07
3.194736842105262986e-01 2.936842105263157698e-01 8.736842105263156744e-02 1.640536090291611664e+07
3.194736842105262986e-01 2.936842105263157698e-01 1.131578947368420962e-01 1.198866717673515156e+07
3.194736842105262986e-01 2.936842105263157698e-01 1.389473684210526250e-01 1.017968425051979721e+07
3.194736842105262986e-01 2.936842105263157698e-01 1.647368421052631537e-01 8.331014036589513533e+06
3.194736842105262986e-01 2.936842105263157698e-01 1.905263157894736825e-01 7.506317038312413730e+06
3.194736842105262986e-01 2.936842105263157698e-01 2.163157894736842113e-01 6.760634836108569987e+06
3.194736842105262986e-01 2.936842105263157698e-01 2.421052631578947401e-01 6.236503008450550959e+06
3.194736842105262986e-01 2.936842105263157698e-01 2.678947368421052411e-01 5.900772130113475025e+06
3.194736842105262986e-01 2.936842105263157698e-01 2.936842105263157698e-01 5.607369306154076010e+06
3.194736842105262986e-01 3.194736842105262986e-01 1.000000000000000021e-02 4.007445901617270708e+07
3.194736842105262986e-01 3.194736842105262986e-01 3.578947368421052377e-02 3.154061081184321269e+07
3.194736842105262986e-01 3.194736842105262986e-01 6.157894736842105254e-02 2.123662182358426973e+07
3.194736842105262986e-01 3.194736842105262986e-01 8.736842105263156744e-02 1.536508689687672071e+07
3.194736842105262986e-01 3.194736842105262986e-01 1.131578947368420962e-01 1.143786137622825243e+07
3.194736842105262986e-01 3.194736842105262986e-01 1.389473684210526250e-01 9.791505798081588000e+06
3.194736842105262986e-01 3.194736842105262986e-01 1.647368421052631537e-01 8.044808718166803941e+06
3.194736842105262986e-01 3.194736842105262986e-01 1.905263157894736825e-01 7.262400342846538872e+06
3.194736842105262986e-01 3.194736842105262986e-01 2.163157894736842113e-01 6.544274534461791627e+06
3.194736842105262986e-01 3.194736842105262986e-01 2.421052631578947401e-01 6.035082881765100174e+06
3.194736842105262986e-01 3.194736842105262986e-01 2.678947368421052411e-01 5.706220743882755749e+06
3.194736842105262986e-01 3.194736842105262986e-01 2.936842105263157698e-01 5.415042167722661048e+06
3.194736842105262986e-01 3.194736842105262986e-01 3.194736842105262986e-01 5.220869198053839616e+06
3.452631578947368274e-01 1.905263157894736825e-01 1.647368421052631537e-01 1.551952286008368619e+07
3.452631578947368274e-01 1.905263157894736825e-01 1.905263157894736825e-01 1.233914790544401109e+07
3.452631578947368274e-01 2.163157894736842113e-01 1.389473684210526250e-01 1.715169603389066458e+07
3.452631578947368274e-01 2.163157894736842113e-01 1.647368421052631537e-01 1.219885866805716790e+07
3.452631578947368274e-01 2.163157894736842113e-01 1.905263157894736825e-01 1.015282367142398283e+07
3.452631578947368274e-01 2.163157894736842113e-01 2.163157894736842113e-01 8.651070399194791913e+06
3.452631578947368274e-01 2.421052631578947401e-01 1.131578947368420962e-01 1.822660984628170729e+07
3.452631578947368274e-01 2.421052631578947401e-01 1.389473684210526250e-01 1.363081980670589022e+07
3.452631578947368274e-01 2.421052631578947401e-01 1.647368421052631537e-01 1.025453653493011184e+07
3.452631578947368274e-01 2.421052631578947401e-01 1.905263157894736825e-01 8.824571150410862640e+06
3.452631578947368274e-01 2.421052631578947401e-01 2.163157894736842113e-01 7.701072766403868794e+06
3.452631578947368274e-01 2.421052631578947401e-01 2.421052631578947401e-01 6.962344874713001773e+06
3.452631578947368274e-01 2.678947368421052411e-01 8.736842105263156744e-02 2.325677771030095965e+07
3.452631578947368274e-01 2.678947368421052411e-01 1.131578947368420962e-01 1.474610368704831414e+07
3.452631578947368274e-01 2.678947368421052411e-01 1.389473684210526250e-01 1.168615512042998336e+07
3.452631578947368274e-01 2.678947368421052411e-01 1.647368421052631537e-01 9.146604928738910705e+06
3.452631578947368274e-01 2.678947368421052411e-01 1.905263157894736825e-01 8.047381062805362046e+06
3.452631578947368274e-01 2.678947368421052411e-01 2.163157894736842113e-01 7.129439507950717583e+06
3.452631578947368274e-01 2.678947368421052411e-01 2.421052631578947401e-01 6.506303042906887829e+06
3.452631578947368274e-01 2.678947368421052411e-01 2.678947368421052411e-01 6.113707449714954011e+06
3.452631578947368274e-01 2.936842105263157698e-01 6.157894736842105254e-02 2.960823557146104053e+07
3.452631578947368274e-01 2.936842105263157698e-01 8.736842105263156744e-02 1.812614476614130661e+07
3.452631578947368274e-01 2.936842105263157698e-01 1.131578947368420962e-01 1.255466370493343100e+07
3.452631578947368274e-01 2.936842105263157698e-01 1.389473684210526250e-01 1.039814249059285037e+07
3.452631578947368274e-01 2.936842105263157698e-01 1.647368421052631537e-01 8.367658611484487541e+06
3.452631578947368274e-01 2.936842105263157698e-01 1.905263157894736825e-01 7.472160518658526242e+06
3.452631578947368274e-01 2.936842105263157698e-01 2.163157894736842113e-01 6.683027832133308053e+06
3.452631578947368274e-01 2.936842105263157698e-01 2.421052631578947401e-01 6.132955648953405209e+06
3.452631578947368274e-01 2.936842105263157698e-01 2.678947368421052411e-01 5.780510009063690901e+06
3.452631578947368274e-01 2.936842105263157698e-01 2.936842105263157698e-01 5.472683264527944848e+06
3.452631578947368274e-01 3.194736842105262986e-01 3.578947368421052377e-02 3.976636518703963608e+07
3.452631578947368274e-01 3.194736842105262986e-01 6.157894736842105254e-02 2.268093615908609331e+07
3.452631578947368274e-01 3.194736842105262986e-01 8.736842105263156744e-02 1.568036503719719499e+07
3.452631578947368274e-01 3.194736842105262986e-01 1.131578947368420962e-01 1.144944038641275279e+07
3.452631578947368274e-01 3.194736842105262986e-01 1.389473684210526250e-01 9.716446072329433635e+06
3.452631578947368274e-01 3.194736842105262986e-01 1.647368421052631537e-01 7.931674941058191471e+06
3.452631578947368274e-01 3.194736842105262986e-01 1.905263157894736825e-01 7.135638448560413904e+06
3.452631578947368274e-01 3.194736842105262986e-01 2.163157894736842113e-01 6.410239442364221439e+06
3.452631578947368274e-01 3.194736842105262986e-01 2.421052631578947401e-01 5.896442597289794125e+06
3.452631578947368274e-01 3.194736842105262986e-01 2.678947368421052411e-01 5.563786778792954981e+06
3.452631578947368274e-01 3.194736842105262986e-01 2.936842105263157698e-01 5.268113785615914501e+06
3.452631578947368274e-01 3.194736842105262986e-01 3.194736842105262986e-01 5.068840624159392901e+06
3.452631578947368274e-01 3.452631578947368274e-01 1.000000000000000021e-02 3.866876596889525652e+07
3.452631578947368274e-01 3.452631578947368274e-01 3.578947368421052377e-02 3.041726282277807593e+07
3.452631578947368274e-01 3.452631578947368274e-01 6.157894736842105254e-02 2.045088580079165474e+07
3.452631578947368274e-01 3.452631578947368274e-01 8.736842105263156744e-02 1.477220724130134284e+07
3.452631578947368274e-01 3.452631578947368274e-01 1.131578947368420962e-01 1.097077819421423599e+07
3.452631578947368274e-01 3.452631578947368274e-01 1.389473684210526250e-01 9.379837585018219426e+06
3.452631578947368274e-01 3.452631578947368274e-01 1.647368421052631537e-01 7.684355559943508357e+06
3.452631578947368274e-01 3.452631578947368274e-01 1.905263157894736825e-01 6.925506933872276917e+06
3.452631578947368274e-01 3.452631578947368274e-01 2.163157894736842113e-01 6.225006779606002383e+06
3.452631578947368274e-01 3.452631578947368274e-01 2.421052631578947401e-01 5.725507294904355891e+06
3.452631578947368274e-01 3.452631578947368274e-01 2.678947368421052411e-01 5.400401858224742115e+06
3.452631578947368274e-01 3.452631578947368274e-01 2.936842105263157698e-01 5.108842419684736058e+06
3.452631578947368274e-01 3.452631578947368274e-01 3.194736842105262986e-01 4.910522413806246594e+06
3.452631578947368274e-01 3.452631578947368274e-01 3.452631578947368274e-01 4.750914716978766955e+06
3.710526315789473562e-01 1.905263157894736825e-01 1.905263157894736825e-01 1.364415167655773275e+07
3.710526315789473562e-01 2.163157894736842113e-01 1.647368421052631537e-01 1.349107069539321028e+07
3.710526315789473562e-01 2.163157894736842113e-01 1.905263157894736825e-01 1.087847041415880807e+07
3.710526315789473562e-01 2.163157894736842113e-01 2.163157894736842113e-01 9.038670283088643104e+06
3.710526315789473562e-01 2.421052631578947401e-01 1.389473684210526250e-01 1.525838798627305962e+07
3.710526315789473562e-01 2.421052631578947401e-01 1.647368421052631537e-01 1.099582161728001572e+07
3.710526315789473562e-01 2.421052631578947401e-01 1.905263157894736825e-01 9.226074084916004911e+06
3.710526315789473562e-01 2.421052631578947401e-01 2.163157894736842113e-01 7.897037467083383352e+06
3.710526315789473562e-01 2.421052631578947401e-01 2.421052631578947401e-01 7.040686654020035639e+06
3.710526315789473562e-01 2.678947368421052411e-01 1.131578947368420962e-01 1.677901981486799195e+07
3.710526315789473562e-01 2.678947368421052411e-01 1.389473684210526250e-01 1.266076822611887194e+07
3.710526315789473562e-01 2.678947368421052411e-01 1.647368421052631537e-01 9.572323104242723435e+06
3.710526315789473562e-01 2.678947368421052411e-01 1.905263157894736825e-01 8.260480203135332093e+06
3.710526315789473562e-01 2.678947368421052411e-01 2.163157894736842113e-01 7.212827042517402209e+06
3.710526315789473562e-01 2.678947368421052411e-01 2.421052631578947401e-01 6.514996091762730852e+06
3.710526315789473562e-01 2.678947368421052411e-01 2.678947368421052411e-01 6.077881315965486690e+06
3.710526315789473562e-01 2.936842105263157698e-01 8.736842105263156744e-02 2.125168695008582622e+07
3.710526315789473562e-01 2.936842105263157698e-01 1.131578947368420962e-01 1.366456570270501450e+07
3.710526315789473562e-01 2.936842105263157698e-01 1.389473684210526250e-01 1.090928454335319437e+07
3.710526315789473562e-01 2.936842105263157698e-01 1.647368421052631537e-01 8.564113092273429036e+06
3.710526315789473562e-01 2.936842105263157698e-01 1.905263157894736825e-01 7.546131248028431088e+06
3.710526315789473562e-01 2.936842105263157698e-01 2.163157894736842113e-01 6.682247491083766334e+06
3.710526315789473562e-01 2.936842105263157698e-01 2.421052631578947401e-01 6.089032775862518698e+06
3.710526315789473562e-01 2.936842105263157698e-01 2.678947368421052411e-01 5.710703550279933959e+06
3.710526315789473562e-01 2.936842105263157698e-01 2.936842105263157698e-01 5.382818790331159718e+06
3.710526315789473562e-01 3.194736842105262986e-01 6.157894736842105254e-02 2.779799792275229841e+07
3.710526315789473562e-01 3.194736842105262986e-01 8.736842105263156744e-02 1.719400207348010316e+07
3.710526315789473562e-01 3.194736842105262986e-01 1.131578947368420962e-01 1.195093679240291938e+07
3.710526315789473562e-01 3.194736842105262986e-01 1.389473684210526250e-01 9.913223204109361395e+06
3.710526315789473562e-01 3.194736842105262986e-01 1.647368421052631537e-01 7.969821225474540144e+06
3.710526315789473562e-01 3.194736842105262986e-01 1.905263157894736825e-01 7.112357454329939559e+06
3.710526315789473562e-01 3.194736842105262986e-01 2.163157894736842113e-01 6.350059787941877730e+06
3.710526315789473562e-01 3.194736842105262986e-01 2.421052631578947401e-01 5.815036038816190325e+06
3.710526315789473562e-01 3.194736842105262986e-01 2.678947368421052411e-01 5.469475279123175889e+06
3.710526315789473562e-01 3.194736842105262986e-01 2.936842105263157698e-01 5.163449871684758924e+06
3.710526315789473562e-01 3.194736842105262986e-01 3.194736842105262986e-01 4.956092953589549288e+06
3.710526315789473562e-01 3.452631578947368274e-01 3.578947368421052377e-02 3.761685501759343594e+07
3.710526315789473562e-01 3.452631578947368274e-01 6.157894736842105254e-02 2.172608255980294943e+07
3.710526315789473562e-01 3.452631578947368274e-01 8.736842105263156744e-02 1.505790925383662991e+07
3.710526315789473562e-01 3.452631578947368274e-01 1.131578947368420962e-01 1.098899079807567969e+07
3.710526315789473562e-01 3.452631578947368274e-01 1.389473684210526250e-01 9.321294147904742509e+06
3.710526315789473562e-01 3.452631578947368274e-01 1.647368421052631537e-01 7.592167158021221869e+06
3.710526315789473562e-01 3.452631578947368274e-01 1.905263157894736825e-01 6.821404156518224627e+06
3.710526315789473562e-01 3.452631578947368274e-01 2.163157894736842113e-01 6.115043779813285917e+06
3.710526315789473562e-01 3.452631578947368274e-01 2.421052631578947401e-01 5.612370024166550487e+06
3.710526315789473562e-01 3.452631578947368274e-01 2.678947368421052411e-01 5.285046132647240534e+06
3.710526315789473562e-01 3.452631578947368274e-01 2.936842105263157698e-01 4.991102943986197002e+06
3.710526315789473562e-01 3.452631578947368274e-01 3.194736842105262986e-01 4.790155747421354055e+06
3.710526315789473562e-01 3.452631578947368274e-01 3.452631578947368274e-01 4.627301706218488514e+06
3.710526315789473562e-01 3.710526315789473562e-01 1.000000000000000021e-02 3.751663558008699864e+07
3.710526315789473562e-01 3.710526315789473562e-01 3.578947368421052377e-02 2.949436672357599065e+07
3.710526315789473562e-01 3.710526315789473562e-01 6.157894736842105254e-02 1.980258893203952909e+07
3.710526315789473562e-01 3.710526315789473562e-01 8.736842105263156744e-02 1.428082843719512410e+07
3.710526315789473562e-01 3.710526315789473562e-01 1.131578947368420962e-01 1.058232320698267594e+07
3.710526315789473562e-01 3.710526315789473562e-01 1.389473684210526250e-01 9.036583701334882528e+06
3.710526315789473562e-01 3.710526315789473562e-01 1.647368421052631537e-01 7.383986387379161082e+06
3.710526315789473562e-01 3.710526315789473562e-01 1.905263157894736825e-01 6.645115020278434269e+06
3.710526315789473562e-01 3.710526315789473562e-01 2.163157894736842113e-01 5.960402859057190828e+06
3.710526315789473562e-01 3.710526315789473562e-01 2.421052631578947401e-01 5.470528645486214198e+06
3.710526315789473562e-01 3.710526315789473562e-01 2.678947368421052411e-01 5.150391980053274892e+06
3.710526315789473562e-01 3.710526315789473562e-01 2.936842105263157698e-01 4.861022339879349805e+06
3.710526315789473562e-01 3.710526315789473562e-01 3.194736842105262986e-01 4.662139872053896077e+06
3.710526315789473562e-01 3.710526315789473562e-01 3.452631578947368274e-01 4.499729413395036943e+06
3.710526315789473562e-01 3.710526315789473562e-01 3.710526315789473562e-01 4.371237632619297132e+06
3.968421052631578849e-01 2.163157894736842113e-01 1.905263157894736825e-01 1.185355986456877179e+07
3.968421052631578849e-01 2.163157894736842113e-01 2.163157894736842113e-01 9.583157809247110039e+06
3.968421052631578849e-01 2.421052631578947401e-01 1.647368421052631537e-01 1.200899718492287025e+07
3.968421052631578849e-01 2.421052631578947401e-01 1.905263157894736825e-01 9.795138112182782963e+06
3.968421052631578849e-01 2.421052631578947401e-01 2.163157894736842113e-01 8.202913336947574280e+06
3.968421052631578849e-01 2.421052631578947401e-01 2.421052631578947401e-01 7.199077115988171659e+06
3.968421052631578849e-01 2.678947368421052411e-01 1.389473684210526250e-01 1.402640829759208672e+07
3.968421052631578849e-01 2.678947368421052411e-01 1.647368421052631537e-01 1.019599389286093600e+07
3.968421052631578849e-01 2.678947368421052411e-01 1.905263157894736825e-01 8.600445099869396538e+06
3.968421052631578849e-01 2.678947368421052411e-01 2.163157894736842113e-01 7.382518040478233248e+06
3.968421052631578849e-01 2.678947368421052411e-01 2.421052631578947401e-01 6.588486375805334188e+06
3.968421052631578849e-01 2.678947368421052411e-01 2.678947368421052411e-01 6.095639093004222028e+06
3.968421052631578849e-01 2.936842105263157698e-01 1.131578947368420962e-01 1.534438001644305885e+07
3.968421052631578849e-01 2.936842105263157698e-01 1.389473684210526250e-01 1.171387078263269924e+07
3.968421052631578849e-01 2.936842105263157698e-01 1.647368421052631537e-01 8.916255728738434613e+06
3.968421052631578849e-01 2.936842105263157698e-01 1.905263157894736825e-01 7.723545803307799622e+06
3.968421052631578849e-01 2.936842105263157698e-01 2.163157894736842113e-01 6.754029869107870385e+06
3.968421052631578849e-01 2.936842105263157698e-01 2.421052631578947401e-01 6.100864181476443075e+06
3.968421052631578849e-01 2.936842105263157698e-01 2.678947368421052411e-01 5.687657079395248555e+06
3.968421052631578849e-01 2.936842105263157698e-01 2.936842105263157698e-01 5.334049829199695028e+06
3.968421052631578849e-01 3.194736842105262986e-01 8.736842105263156744e-02 1.989795574070423096e+07
3.968421052631578849e-01 3.194736842105262986e-01 1.131578947368420962e-01 1.291418894476066157e+07
3.968421052631578849e-01 3.194736842105262986e-01 1.389473684210526250e-01 1.035942938718739711e+07
3.968421052631578849e-01 3.194736842105262986e-01 1.647368421052631537e-01 8.145031688281832263e+06
3.968421052631578849e-01 3.194736842105262986e-01 1.905263157894736825e-01 7.182373861300761811e+06
3.968421052631578849e-01 3.194736842105262986e-01 2.163157894736842113e-01 6.356493397050064988e+06
3.968421052631578849e-01 3.194736842105262986e-01 2.421052631578947401e-01 5.785375977028538473e+06
3.968421052631578849e-01 3.194736842105262986e-01 2.678947368421052411e-01 5.418758186868555844e+06
3.968421052631578849e-01 3.194736842105262986e-01 2.936842105263157698e-01 5.097069867921556346e+06
3.968421052631578849e-01 3.194736842105262986e-01 3.194736842105262986e-01 4.878814221659525298e+06
3.968421052631578849e-01 3.452631578947368274e-01 6.157894736842105254e-02 2.615002159762009233e+07
3.968421052631578849e-01 3.452631578947368274e-01 8.736842105263156744e-02 1.637163648539649323e+07
3.968421052631578849e-01 3.452631578947368274e-01 1.131578947368420962e-01 1.142855181441192888e+07
3.968421052631578849e-01 3.452631578947368274e-01 1.389473684210526250e-01 9.497474933720417321e+06
3.968421052631578849e-01 3.452631578947368274e-01 1.647368421052631537e-01 7.631487703838948160e+06
3.968421052631578849e-01 3.452631578947368274e-01 1.905263157894736825e-01 6.807859981685257517e+06
3.968421052631578849e-01 3.452631578947368274e-01 2.163157894736842113e-01 6.070129915370389819e+06
3.968421052631578849e-01 3.452631578947368274e-01 2.421052631578947401e-01 5.549822880516748875e+06
3.968421052631578849e-01 3.452631578947368274e-01 2.678947368421052411e-01 5.212192891523963772e+06
3.968421052631578849e-01 3.452631578947368274e-01 2.936842105263157698e-01 4.910442985058212653e+06
3.968421052631578849e-01 3.452631578947368274e-01 3.194736842105262986e-01 4.703829318924373016e+06
3.968421052631578849e-01 3.452631578947368274e-01 3.452631578947368274e-01 4.535987453572263010e+06
3.968421052631578849e-01 3.710526315789473562e-01 3.578947368421052377e-02 3.570193890693983436e+07
3.968421052631578849e-01 3.710526315789473562e-01 6.157894736842105254e-02 2.091351055505912751e+07
3.968421052631578849e-01 3.710526315789473562e-01 8.736842105263156744e-02 1.453759884931735508e+07
3.968421052631578849e-01 3.710526315789473562e-01 1.131578947368420962e-01 1.060679033209740929e+07
3.968421052631578849e-01 3.710526315789473562e-01 1.389473684210526250e-01 8.993962457191484049e+06
3.968421052631578849e-01 3.710526315789473562e-01 1.647368421052631537e-01 7.311727129400187172e+06
3.968421052631578849e-01 3.710526315789473562e-01 1.905263157894736825e-01 6.562351905885650776e+06
3.968421052631578849e-01 3.710526315789473562e-01 2.163157894736842113e-01 5.872648553527505137e+06
3.968421052631578849e-01 3.710526315789473562e-01 2.421052631578947401e-01 5.380340789311817847e+06
3.968421052631578849e-01 3.710526315789473562e-01 2.678947368421052411e-01 5.058762452214521356e+06
3.968421052631578849e-01 3.710526315789473562e-01 2.936842105263157698e-01 4.768061460950342938e+06
3.968421052631578849e-01 3.710526315789473562e-01 3.194736842105262986e-01 4.567799001718703657e+06
3.968421052631578849e-01 3.710526315789473562e-01 3.452631578947368274e-01 4.403696999514259398e+06
3.968421052631578849e-01 3.710526315789473562e-01 3.710526315789473562e-01 4.273127251263184473e+06
3.968421052631578849e-01 3.968421052631578849e-01 1.000000000000000021e-02 3.659560613364583999e+07
3.968421052631578849e-01 3.968421052631578849e-01 3.578947368421052377e-02 2.875530697318065539e+07
3.968421052631578849e-01 3.968421052631578849e-01 6.157894736842105254e-02 1.928178470716524497e+07
3.968421052631578849e-01 3.968421052631578849e-01 8.736842105263156744e-02 1.388476761224341206e+07
3.968421052631578849e-01 3.968421052631578849e-01 1.131578947368420962e-01 1.026839129470128007e+07
3.968421052631578849e-01 3.968421052631578849e-01 1.389473684210526250e-01 8.758623166167775169e+06
3.968421052631578849e-01 3.968421052631578849e-01 1.647368421052631537e-01 7.140765256524606608e+06
3.968421052631578849e-01 3.968421052631578849e-01 1.905263157894736825e-01 6.418179995564344339e+06
3.968421052631578849e-01 3.968421052631578849e-01 2.163157894736842113e-01 5.746767417834195308e+06
3.968421052631578849e-01 3.968421052631578849e-01 2.421052631578947401e-01 5.265438175412227400e+06
3.968421052631578849e-01 3.968421052631578849e-01 2.678947368421052411e-01 4.950217241910248995e+06
3.968421052631578849e-01 3.968421052631578849e-01 2.936842105263157698e-01 4.663853805662320927e+06
3.968421052631578849e-01 3.968421052631578849e-01 3.194736842105262986e-01 4.465926645943302661e+06
3.968421052631578849e-01 3.968421052631578849e-01 3.452631578947368274e-01 4.302952956503700465e+06
3.968421052631578849e-01 3.968421052631578849e-01 3.710526315789473562e-01 4.172523702236377634e+06
3.968421052631578849e-01 3.968421052631578849e-01 3.968421052631578849e-01 4.071249171611225232e+06
4.226315789473684137e-01 2.163157894736842113e-01 2.163157894736842113e-01 1.030260562946474738e+07
4.226315789473684137e-01 2.421052631578947401e-01 1.905263157894736825e-01 1.055079740322843753e+07
4.226315789473684137e-01 2.421052631578947401e-01 2.163157894736842113e-01 8.624074575866131112e+06
4.226315789473684137e-01 2.421052631578947401e-01 2.421052631578947401e-01 7.436017758245940320e+06
4.226315789473684137e-01 2.678947368421052411e-01 1.647368421052631537e-01 1.103869444748877548e+07
4.226315789473684137e-01 2.678947368421052411e-01 1.905263157894736825e-01 9.073059767148813233e+06
4.226315789473684137e-01 2.678947368421052411e-01 2.163157894736842113e-01 7.636869046687185764e+06
4.226315789473684137e-01 2.678947368421052411e-01 2.421052631578947401e-01 6.721427154575602151e+06
4.226315789473684137e-01 2.678947368421052411e-01 2.678947368421052411e-01 6.159539463705834933e+06
4.226315789473684137e-01 2.936842105263157698e-01 1.389473684210526250e-01 1.283926913716801628e+07
4.226315789473684137e-01 2.936842105263157698e-01 1.647368421052631537e-01 9.428022527592828497e+06
4.226315789473684137e-01 2.936842105263157698e-01 1.905263157894736825e-01 8.001047768501160666e+06
4.226315789473684137e-01 2.936842105263157698e-01 2.163157894736842113e-01 6.891766131327262148e+06
4.226315789473684137e-01 2.936842105263157698e-01 2.421052631578947401e-01 6.160313628003375605e+06
4.226315789473684137e-01 2.936842105263157698e-01 2.678947368421052411e-01 5.702368048399323598e+06
4.226315789473684137e-01 2.936842105263157698e-01 2.936842105263157698e-01 5.316691846144548617e+06
4.226315789473684137e-01 3.194736842105262986e-01 1.131578947368420962e-01 1.436855862397856079e+07
4.226315789473684137e-01 3.194736842105262986e-01 1.389473684210526250e-01 1.105488448641022667e+07
4.226315789473684137e-01 3.194736842105262986e-01 1.647368421052631537e-01 8.449216830626713112e+06
4.226315789473684137e-01 3.194736842105262986e-01 1.905263157894736825e-01 7.335702581389270723e+06
4.226315789473684137e-01 3.194736842105262986e-01 2.163157894736842113e-01 6.419217964640589431e+06
4.226315789473684137e-01 3.194736842105262986e-01 2.421052631578947401e-01 5.797167123874542303e+06
4.226315789473684137e-01 3.194736842105262986e-01 2.678947368421052411e-01 5.401359801688482985e+06
4.226315789473684137e-01 3.194736842105262986e-01 2.936842105263157698e-01 5.058655518768469803e+06
4.226315789473684137e-01 3.194736842105262986e-01 3.194736842105262986e-01 4.826509605537183583e+06
4.226315789473684137e-01 3.452631578947368274e-01 8.736842105263156744e-02 1.872779081664640084e+07
4.226315789473684137e-01 3.452631578947368274e-01 1.131578947368420962e-01 1.226723167117710039e+07
4.226315789473684137e-01 3.452631578947368274e-01 1.389473684210526250e-01 9.885449850149316713e+06
4.226315789473684137e-01 3.452631578947368274e-01 1.647368421052631537e-01 7.783945872844913974e+06
4.226315789473684137e-01 3.452631578947368274e-01 1.905263157894736825e-01 6.869049659756092355e+06
4.226315789473684137e-01 3.452631578947368274e-01 2.163157894736842113e-01 6.076577135067722760e+06
4.226315789473684137e-01 3.452631578947368274e-01 2.421052631578947401e-01 5.525547722679367289e+06
4.226315789473684137e-01 3.452631578947368274e-01 2.678947368421052411e-01 5.170312530635370873e+06
4.226315789473684137e-01 3.452631578947368274e-01 2.936842105263157698e-01 4.855846456609372050e+06
4.226315789473684137e-01 3.452631578947368274e-01 3.194736842105262986e-01 4.640739558290408924e+06
4.226315789473684137e-01 3.452631578947368274e-01 3.452631578947368274e-01 4.466182051488697529e+06
4.226315789473684137e-01 3.710526315789473562e-01 6.157894736842105254e-02 2.479617370330358669e+07
4.226315789473684137e-01 3.710526315789473562e-01 8.736842105263156744e-02 1.569095430386308394e+07
4.226315789473684137e-01 3.710526315789473562e-01 1.131578947368420962e-01 1.099307943396789953e+07
4.226315789473684137e-01 3.710526315789473562e-01 1.389473684210526250e-01 9.149085734240062535e+06
4.226315789473684137e-01 3.710526315789473562e-01 1.647368421052631537e-01 7.347104465379368514e+06
4.226315789473684137e-01 3.710526315789473562e-01 1.905263157894736825e-01 6.551545448250813410e+06
4.226315789473684137e-01 3.710526315789473562e-01 2.163157894736842113e-01 5.834715931005795486e+06
4.226315789473684137e-01 3.710526315789473562e-01 2.421052631578947401e-01 5.327407499992243946e+06
4.226315789473684137e-01 3.710526315789473562e-01 2.678947368421052411e-01 4.997286561069408432e+06
4.226315789473684137e-01 3.710526315789473562e-01 2.936842105263157698e-01 4.700393507246267051e+06
4.226315789473684137e-01 3.710526315789473562e-01 3.194736842105262986e-01 4.495879386696999893e+06
4.226315789473684137e-01 3.710526315789473562e-01 3.452631578947368274e-01 4.328252782935269177e+06
4.226315789473684137e-01 3.710526315789473562e-01 3.710526315789473562e-01 4.194531550374586135e+06
4.226315789473684137e-01 3.968421052631578849e-01 3.578947368421052377e-02 3.432289891676675528e+07
4.226315789473684137e-01 3.968421052631578849e-01 6.157894736842105254e-02 2.028456379941577837e+07
4.226315789473684137e-01 3.968421052631578849e-01 8.736842105263156744e-02 1.412077565896607004e+07
4.226315789473684137e-01 3.968421052631578849e-01 1.131578947368420962e-01 1.029507266150875762e+07
4.226315789473684137e-01 3.968421052631578849e-01 1.389473684210526250e-01 8.724568460204921663e+06
4.226315789473684137e-01 3.968421052631578849e-01 1.647368421052631537e-01 7.079789116233578883e+06
4.226315789473684137e-01 3.968421052631578849e-01 1.905263157894736825e-01 6.347628630208690651e+06
4.226315789473684137e-01 3.968421052631578849e-01 2.163157894736842113e-01 5.671777349537584931e+06
4.226315789473684137e-01 3.968421052631578849e-01 2.421052631578947401e-01 5.188439820441018790e+06
4.226315789473684137e-01 3.968421052631578849e-01 2.678947368421052411e-01 4.872183059265325777e+06
4.226315789473684137e-01 3.968421052631578849e-01 2.936842105263157698e-01 4.585037135963256471e+06
4.226315789473684137e-01 3.968421052631578849e-01 3.194736842105262986e-01 4.386362725885586813e+06
4.226315789473684137e-01 3.968421052631578849e-01 3.452631578947368274e-01 4.222485383721275255e+06
4.226315789473684137e-01 3.968421052631578849e-01 3.710526315789473562e-01 4.090927606499400921e+06
4.226315789473684137e-01 3.968421052631578849e-01 3.968421052631578849e-01 3.988274993591967039e+06
4.226315789473684137e-01 4.226315789473684137e-01 1.000000000000000021e-02 3.581199188420182467e+07
4.226315789473684137e-01 4.226315789473684137e-01 3.578947368421052377e-02 2.812550319105708227e+07
4.226315789473684137e-01 4.226315789473684137e-01 6.157894736842105254e-02 1.883667725979304314e+07
4.226315789473684137e-01 4.226315789473684137e-01 8.736842105263156744e-02 1.354521359760465845e+07
4.226315789473684137e-01 4.226315789473684137e-01 1.131578947368420962e-01 9.998555517623187974e+06
4.226315789473684137e-01 4.226315789473684137e-01 1.389473684210526250e-01 8.519189476832197979e+06
4.226315789473684137e-01 4.226315789473684137e-01 1.647368421052631537e-01 6.931175138632914051e+06
4.226315789473684137e-01 4.226315789473684137e-01 1.905263157894736825e-01 6.222587294316676445e+06
4.226315789473684137e-01 4.226315789473684137e-01 2.163157894736842113e-01 5.562901943483287469e+06
4.226315789473684137e-01 4.226315789473684137e-01 2.421052631578947401e-01 5.089363535756049678e+06
4.226315789473684137e-01 4.226315789473684137e-01 2.678947368421052411e-01 4.778884867146049626e+06
4.226315789473684137e-01 4.226315789473684137e-01 2.936842105263157698e-01 4.495852962003890425e+06
4.226315789473684137e-01 4.226315789473684137e-01 3.194736842105262986e-01 4.299584640470146202e+06
4.226315789473684137e-01 4.226315789473684137e-01 3.452631578947368274e-01 4.137142495027149096e+06
4.226315789473684137e-01 4.226315789473684137e-01 3.710526315789473562e-01 4.006239987309724092e+06
4.226315789473684137e-01 4.226315789473684137e-01 3.968421052631578849e-01 3.903616959832976572e+06
4.226315789473684137e-01 4.226315789473684137e-01 4.226315789473684137e-01 3.818474302673530299e+06
4.484210526315789425e-01 2.421052631578947401e-01 2.163157894736842113e-01 9.175337538212396204e+06
4.484210526315789425e-01 2.421052631578947401e-01 2.421052631578947401e-01 7.758974792752733454e+06
4.484210526315789425e-01 2.678947368421052411e-01 1.905263157894736825e-01 9.694366285106888041e+06
4.484210526315789425e-01 2.678947368421052411e-01 2.163157894736842113e-01 7.983545819647470489e+06
4.484210526315789425e-01 2.678947368421052411e-01 2.421052631578947401e-01 6.917526596467878670e+06
4.484210526315789425e-01 2.678947368421052411e-01 2.678947368421052411e-01 6.271273215594816953e+06
4.484210526315789425e-01 2.936842105263157698e-01 1.647368421052631537e-01 1.011568669467880018e+07
4.484210526315789425e-01 2.936842105263157698e-01 1.905263157894736825e-01 8.385855558614826761e+06
4.484210526315789425e-01 2.936842105263157698e-01 2.163157894736842113e-01 7.098606218272783794e+06
4.484210526315789425e-01 2.936842105263157698e-01 2.421052631578947401e-01 6.268686061416075565e+06
4.484210526315789425e-01 2.936842105263157698e-01 2.678947368421052411e-01 5.755224471792485565e+06
4.484210526315789425e-01 2.936842105263157698e-01 2.936842105263157698e-01 5.330540006750982255e+06
4.484210526315789425e-01 3.194736842105262986e-01 1.389473684210526250e-01 1.201923135487691872e+07
4.484210526315789425e-01 3.194736842105262986e-01 1.647368421052631537e-01 8.888064956996239722e+06
4.484210526315789425e-01 3.194736842105262986e-01 1.905263157894736825e-01 7.574121780478321016e+06
4.484210526315789425e-01 3.194736842105262986e-01 2.163157894736842113e-01 6.538539631796376780e+06
4.484210526315789425e-01 3.194736842105262986e-01 2.421052631578947401e-01 5.850166212107155472e+06
4.484210526315789425e-01 3.194736842105262986e-01 2.678947368421052411e-01 5.416804498944732361e+06
4.484210526315789425e-01 3.194736842105262986e-01 2.936842105263157698e-01 5.047588212781475857e+06
4.484210526315789425e-01 3.194736842105262986e-01 3.194736842105262986e-01 4.798434358781088144e+06
4.484210526315789425e-01 3.452631578947368274e-01 1.131578947368420962e-01 1.352408297287513129e+07
4.484210526315789425e-01 3.452631578947368274e-01 1.389473684210526250e-01 1.048659263235611469e+07
4.484210526315789425e-01 3.452631578947368274e-01 1.647368421052631537e-01 8.047614997873833403e+06
4.484210526315789425e-01 3.452631578947368274e-01 1.905263157894736825e-01 7.002729495644493960e+06
4.484210526315789425e-01 3.452631578947368274e-01 2.163157894736842113e-01 6.132528557579834014e+06
4.484210526315789425e-01 3.452631578947368274e-01 2.421052631578947401e-01 5.538084448994414881e+06
4.484210526315789425e-01 3.452631578947368274e-01 2.678947368421052411e-01 5.158220226769591682e+06
4.484210526315789425e-01 3.452631578947368274e-01 2.936842105263157698e-01 4.826325321181018837e+06
4.484210526315789425e-01 3.452631578947368274e-01 3.194736842105262986e-01 4.599990940705845132e+06
4.484210526315789425e-01 3.452631578947368274e-01 3.452631578947368274e-01 4.417005780340164900e+06
4.484210526315789425e-01 3.710526315789473562e-01 8.736842105263156744e-02 1.774631705082794651e+07
4.484210526315789425e-01 3.710526315789473562e-01 1.131578947368420962e-01 1.172585696004947461e+07
4.484210526315789425e-01 3.710526315789473562e-01 1.389473684210526250e-01 9.488999164953209460e+06
4.484210526315789425e-01 3.710526315789473562e-01 1.647368421052631537e-01 7.482042373052225448e+06
4.484210526315789425e-01 3.710526315789473562e-01 1.905263157894736825e-01 6.607111648847541772e+06
4.484210526315789425e-01 3.710526315789473562e-01 2.163157894736842113e-01 5.842897772801642306e+06
4.484210526315789425e-01 3.710526315789473562e-01 2.421052631578947401e-01 5.309190711350579746e+06
4.484210526315789425e-01 3.710526315789473562e-01 2.678947368421052411e-01 4.964120719560960308e+06
4.484210526315789425e-01 3.710526315789473562e-01 2.936842105263157698e-01 4.656655825294281356e+06
4.484210526315789425e-01 3.710526315789473562e-01 3.194736842105262986e-01 4.445293318585147150e+06
4.484210526315789425e-01 3.710526315789473562e-01 3.452631578947368274e-01 4.272462749601220712e+06
4.484210526315789425e-01 3.710526315789473562e-01 3.710526315789473562e-01 4.134574147120657377e+06
4.484210526315789425e-01 3.968421052631578849e-01 6.157894736842105254e-02 2.372588806469165906e+07
4.484210526315789425e-01 3.968421052631578849e-01 8.736842105263156744e-02 1.514647203030543402e+07
4.484210526315789425e-01 3.968421052631578849e-01 1.131578947368420962e-01 1.064139807991964556e+07
4.484210526315789425e-01 3.968421052631578849e-01 1.389473684210526250e-01 8.865987682372614741e+06
4.484210526315789425e-01 3.968421052631578849e-01 1.647368421052631537e-01 7.115079252736998722e+06
4.484210526315789425e-01 3.968421052631578849e-01 1.905263157894736825e-01 6.341982864019975998e+06
4.484210526315789425e-01 3.968421052631578849e-01 2.163157894736842113e-01 5.642197154673228972e+06
4.484210526315789425e-01 3.968421052631578849e-01 2.421052631578947401e-01 5.145745297170828097e+06
4.484210526315789425e-01 3.968421052631578849e-01 2.678947368421052411e-01 4.822142074117486365e+06
4.484210526315789425e-01 3.968421052631578849e-01 2.936842105263157698e-01 4.529838652972502634e+06
4.484210526315789425e-01 3.968421052631578849e-01 3.194736842105262986e-01 4.327777159573745914e+06
4.484210526315789425e-01 3.968421052631578849e-01 3.452631578947368274e-01 4.161242539607141167e+06
4.484210526315789425e-01 3.968421052631578849e-01 3.710526315789473562e-01 4.027443116200664081e+06
4.484210526315789425e-01 3.968421052631578849e-01 3.968421052631578849e-01 3.922768767906288151e+06
4.484210526315789425e-01 4.226315789473684137e-01 3.578947368421052377e-02 3.303805801622825488e+07
4.484210526315789425e-01 4.226315789473684137e-01 6.157894736842105254e-02 1.972831265659646690e+07
4.484210526315789425e-01 4.226315789473684137e-01 8.736842105263156744e-02 1.375974680482247286e+07
4.484210526315789425e-01 4.226315789473684137e-01 1.131578947368420962e-01 1.002739866160180420e+07
4.484210526315789425e-01 4.226315789473684137e-01 1.389473684210526250e-01 8.493892504083070904e+06
4.484210526315789425e-01 4.226315789473684137e-01 1.647368421052631537e-01 6.881670591735358350e+06
4.484210526315789425e-01 4.226315789473684137e-01 1.905263157894736825e-01 6.164416284465553239e+06
4.484210526315789425e-01 4.226315789473684137e-01 2.163157894736842113e-01 5.500721451161462814e+06
4.484210526315789425e-01 4.226315789473684137e-01 2.421052631578947401e-01 5.025428907135359943e+06
4.484210526315789425e-01 4.226315789473684137e-01 2.678947368421052411e-01 4.714126632779768668e+06
4.484210526315789425e-01 4.226315789473684137e-01 2.936842105263157698e-01 4.430593014600487426e+06
4.484210526315789425e-01 4.226315789473684137e-01 3.194736842105262986e-01 4.233910570186378434e+06
4.484210526315789425e-01 4.226315789473684137e-01 3.452631578947368274e-01 4.070992220560187008e+06
4.484210526315789425e-01 4.226315789473684137e-01 3.710526315789473562e-01 3.939487780543507542e+06
4.484210526315789425e-01 4.226315789473684137e-01 3.968421052631578849e-01 3.836113086622530594e+06
4.484210526315789425e-01 4.226315789473684137e-01 4.226315789473684137e-01 3.750032127313353121e+06
4.484210526315789425e-01 4.484210526315789425e-01 1.000000000000000021e-02 3.516209172077527642e+07
4.484210526315789425e-01 4.484210526315789425e-01 3.578947368421052377e-02 2.760253203553118557e+07
4.484210526315789425e-01 4.484210526315789425e-01 6.157894736842105254e-02 1.846625149011969939e+07
4.484210526315789425e-01 4.484210526315789425e-01 8.736842105263156744e-02 1.326195921175650321e+07
4.484210526315789425e-01 4.484210526315789425e-01 1.131578947368420962e-01 9.773009648817336187e+06
4.484210526315789425e-01 4.484210526315789425e-01 1.389473684210526250e-01 8.318723776266474277e+06
4.484210526315789425e-01 4.484210526315789425e-01 1.647368421052631537e-01 6.755616916448132135e+06
4.484210526315789425e-01 4.484210526315789425e-01 1.905263157894736825e-01 6.058707344902496785e+06
4.484210526315789425e-01 4.484210526315789425e-01 2.163157894736842113e-01 5.408976252411316149e+06
4.484210526315789425e-01 4.484210526315789425e-01 2.421052631578947401e-01 4.942188894409225322e+06
4.484210526315789425e-01 4.484210526315789425e-01 2.678947368421052411e-01 4.635951553695389070e+06
4.484210526315789425e-01 4.484210526315789425e-01 2.936842105263157698e-01 4.356112458536614664e+06
4.484210526315789425e-01 4.484210526315789425e-01 3.194736842105262986e-01 4.161685010726653039e+06
4.484210526315789425e-01 4.484210526315789425e-01 3.452631578947368274e-01 4.000237423769988585e+06
4.484210526315789425e-01 4.484210526315789425e-01 3.710526315789473562e-01 3.869582307884930633e+06
4.484210526315789425e-01 4.484210526315789425e-01 3.968421052631578849e-01 3.766566612148642540e+06
4.484210526315789425e-01 4.484210526315789425e-01 4.226315789473684137e-01 3.680460467681849375e+06
4.484210526315789425e-01 4.484210526315789425e-01 4.484210526315789425e-01 3.610532601105032023e+06
4.742105263157894712e-01 2.421052631578947401e-01 2.421052631578947401e-01 8.176721080136865377e+06
4.742105263157894712e-01 2.678947368421052411e-01 2.163157894736842113e-01 8.432015748713679612e+06
4.742105263157894712e-01 2.678947368421052411e-01 2.421052631578947401e-01 7.180396462652707472e+06
4.742105263157894712e-01 2.678947368421052411e-01 2.678947368421052411e-01 6.431454453328375705e+06
4.742105263157894712e-01 2.936842105263157698e-01 1.905263157894736825e-01 8.888422912617417052e+06
4.742105263157894712e-01 2.936842105263157698e-01 2.163157894736842113e-01 7.378147646680500358e+06
4.742105263157894712e-01 2.936842105263157698e-01 2.421052631578947401e-01 6.426338985443036072e+06
4.742105263157894712e-01 2.936842105263157698e-01 2.678947368421052411e-01 5.844935875677614473e+06
4.742105263157894712e-01 2.936842105263157698e-01 2.936842105263157698e-01 5.373257220247569494e+06
4.742105263157894712e-01 3.194736842105262986e-01 1.647368421052631537e-01 9.473322379075268283e+06
4.742105263157894712e-01 3.194736842105262986e-01 1.905263157894736825e-01 7.901281480490707792e+06
4.742105263157894712e-01 3.194736842105262986e-01 2.163157894736842113e-01 6.714443284897277132e+06
4.742105263157894712e-01 3.194736842105262986e-01 2.421052631578947401e-01 5.942693207361835055e+06
4.742105263157894712e-01 3.194736842105262986e-01 2.678947368421052411e-01 5.462588538082874380e+06
4.742105263157894712e-01 3.194736842105262986e-01 2.936842105263157698e-01 5.060851208164249547e+06
4.742105263157894712e-01 3.194736842105262986e-01 3.194736842105262986e-01 4.791227631161328405e+06
4.742105263157894712e-01 3.452631578947368274e-01 1.389473684210526250e-01 1.131649045824091882e+07
4.742105263157894712e-01 3.452631578947368274e-01 1.647368421052631537e-01 8.425056496752558276e+06
4.742105263157894712e-01 3.452631578947368274e-01 1.905263157894736825e-01 7.207699616804055870e+06
4.742105263157894712e-01 3.452631578947368274e-01 2.163157894736842113e-01 6.235331728360101581e+06
4.742105263157894712e-01 3.452631578947368274e-01 2.421052631578947401e-01 5.584230124237551354e+06
4.742105263157894712e-01 3.452631578947368274e-01 2.678947368421052411e-01 5.172482070595314726e+06
4.742105263157894712e-01 3.452631578947368274e-01 2.936842105263157698e-01 4.818324073245081119e+06
4.742105263157894712e-01 3.452631578947368274e-01 3.194736842105262986e-01 4.577932415327314287e+06
4.742105263157894712e-01 3.452631578947368274e-01 3.452631578947368274e-01 4.384702907570908777e+06
4.742105263157894712e-01 3.710526315789473562e-01 1.131578947368420962e-01 1.282141740631071851e+07
4.742105263157894712e-01 3.710526315789473562e-01 1.389473684210526250e-01 1.001286195559272915e+07
4.742105263157894712e-01 3.710526315789473562e-01 1.647368421052631537e-01 7.712079500254213810e+06
4.742105263157894712e-01 3.710526315789473562e-01 1.905263157894736825e-01 6.724036082240472548e+06
4.742105263157894712e-01 3.710526315789473562e-01 2.163157894736842113e-01 5.892411707753342576e+06
4.742105263157894712e-01 3.710526315789473562e-01 2.421052631578947401e-01 5.321224523430726491e+06
4.742105263157894712e-01 3.710526315789473562e-01 2.678947368421052411e-01 4.955036112946346402e+06
4.742105263157894712e-01 3.710526315789473562e-01 2.936842105263157698e-01 4.632812399969477206e+06
4.742105263157894712e-01 3.710526315789473562e-01 3.194736842105262986e-01 4.412109573671096936e+06
4.742105263157894712e-01 3.710526315789473562e-01 3.452631578947368274e-01 4.232440428750495426e+06
4.742105263157894712e-01 3.710526315789473562e-01 3.710526315789473562e-01 4.089356937535840552e+06
4.742105263157894712e-01 3.968421052631578849e-01 8.736842105263156744e-02 1.696799395724237338e+07
4.742105263157894712e-01 3.968421052631578849e-01 1.131578947368420962e-01 1.129176349970468692e+07
4.742105263157894712e-01 3.968421052631578849e-01 1.389473684210526250e-01 9.168413864819349721e+06
4.742105263157894712e-01 3.968421052631578849e-01 1.647368421052631537e-01 7.236175186663853936e+06
4.742105263157894712e-01 3.968421052631578849e-01 1.905263157894736825e-01 6.392885202581272461e+06
4.742105263157894712e-01 3.968421052631578849e-01 2.163157894736842113e-01 5.651333834355325438e+06
4.742105263157894712e-01 3.968421052631578849e-01 2.421052631578947401e-01 5.131728890862389468e+06
4.742105263157894712e-01 3.968421052631578849e-01 2.678947368421052411e-01 4.795115373023046181e+06
4.742105263157894712e-01 3.968421052631578849e-01 2.936842105263157698e-01 4.493750485820767470e+06
4.742105263157894712e-01 3.968421052631578849e-01 3.194736842105262986e-01 4.285943507860518992e+06
4.742105263157894712e-01 3.968421052631578849e-01 3.452631578947368274e-01 4.115173348047537729e+06
4.742105263157894712e-01 3.968421052631578849e-01 3.710526315789473562e-01 3.978109607262740843e+06
4.742105263157894712e-01 3.968421052631578849e-01 3.968421052631578849e-01 3.870792318568053655e+06
4.742105263157894712e-01 4.226315789473684137e-01 6.157894736842105254e-02 2.277979842401201278e+07
4.742105263157894712e-01 4.226315789473684137e-01 8.736842105263156744e-02 1.467105697959562391e+07
4.742105263157894712e-01 4.226315789473684137e-01 1.131578947368420962e-01 1.033654646103468351e+07
4.742105263157894712e-01 4.226315789473684137e-01 1.389473684210526250e-01 8.621318245206383988e+06
4.742105263157894712e-01 4.226315789473684137e-01 1.647368421052631537e-01 6.915023364434715360e+06
4.742105263157894712e-01 4.226315789473684137e-01 1.905263157894736825e-01 6.161475489534956403e+06
4.742105263157894712e-01 4.226315789473684137e-01 2.163157894736842113e-01 5.476637298678200692e+06
4.742105263157894712e-01 4.226315789473684137e-01 2.421052631578947401e-01 4.989834309477388859e+06
4.742105263157894712e-01 4.226315789473684137e-01 2.678947368421052411e-01 4.672153652891115285e+06
4.742105263157894712e-01 4.226315789473684137e-01 2.936842105263157698e-01 4.384246394047887996e+06
4.742105263157894712e-01 4.226315789473684137e-01 3.194736842105262986e-01 4.184782923117641360e+06
4.742105263157894712e-01 4.226315789473684137e-01 3.452631578947368274e-01 4.019777855385466013e+06
4.742105263157894712e-01 4.226315789473684137e-01 3.710526315789473562e-01 3.886600722161333542e+06
4.742105263157894712e-01 4.226315789473684137e-01 3.968421052631578849e-01 3.781792992977787741e+06
4.742105263157894712e-01 4.226315789473684137e-01 4.226315789473684137e-01 3.694356046055932529e+06
4.742105263157894712e-01 4.484210526315789425e-01 3.578947368421052377e-02 3.199493132105337083e+07
4.742105263157894712e-01 4.484210526315789425e-01 6.157894736842105254e-02 1.926862908234861121e+07
4.742105263157894712e-01 4.484210526315789425e-01 8.736842105263156744e-02 1.345852259036683477e+07
4.742105263157894712e-01 4.484210526315789425e-01 1.131578947368420962e-01 9.802799289064213634e+06
4.742105263157894712e-01 4.484210526315789425e-01 1.389473684210526250e-01 8.299689430898719467e+06
4.742105263157894712e-01 4.484210526315789425e-01 1.647368421052631537e-01 6.714583234109266661e+06
4.742105263157894712e-01 4.484210526315789425e-01 1.905263157894736825e-01 6.009745257187571377e+06
4.742105263157894712e-01 4.484210526315789425e-01 2.163157894736842113e-01 5.356334922151186503e+06
4.742105263157894712e-01 4.484210526315789425e-01 2.421052631578947401e-01 4.887962023926344700e+06
4.742105263157894712e-01 4.484210526315789425e-01 2.678947368421052411e-01 4.581020362532525323e+06
4.742105263157894712e-01 4.484210526315789425e-01 2.936842105263157698e-01 4.300829658925882541e+06
4.742105263157894712e-01 4.484210526315789425e-01 3.194736842105262986e-01 4.106164314846111927e+06
4.742105263157894712e-01 4.484210526315789425e-01 3.452631578947368274e-01 3.944470733529594727e+06
4.742105263157894712e-01 4.484210526315789425e-01 3.710526315789473562e-01 3.813501175850372761e+06
4.742105263157894712e-01 4.484210526315789425e-01 3.968421052631578849e-01 3.710078187708729878e+06
4.742105263157894712e-01 4.484210526315789425e-01 4.226315789473684137e-01 3.623446140882624779e+06
4.742105263157894712e-01 4.484210526315789425e-01 4.484210526315789425e-01 3.552869625778928399e+06
4.742105263157894712e-01 4.742105263157894712e-01 1.000000000000000021e-02 3.461197345693292469e+07
4.742105263157894712e-01 4.742105263157894712e-01 3.578947368421052377e-02 2.715939162393384054e+07
4.742105263157894712e-01 4.742105263157894712e-01 6.157894736842105254e-02 1.815177113099005818e+07
4.742105263157894712e-01 4.742105263157894712e-01 8.736842105263156744e-02 1.302098947859224118e+07
4.742105263157894712e-01 4.742105263157894712e-01 1.131578947368420962e-01 9.580795485945766792e+06
4.742105263157894712e-01 4.742105263157894712e-01 1.389473684210526250e-01 8.147625387641279027e+06
4.742105263157894712e-01 4.742105263157894712e-01 1.647368421052631537e-01 6.605697582389336079e+06
4.742105263157894712e-01 4.742105263157894712e-01 1.905263157894736825e-01 5.918699600156435743e+06
4.742105263157894712e-01 4.742105263157894712e-01 2.163157894736842113e-01 5.277532194951009937e+06
4.742105263157894712e-01 4.742105263157894712e-01 2.421052631578947401e-01 4.816636145164518617e+06
4.742105263157894712e-01 4.742105263157894712e-01 2.678947368421052411e-01 4.514172389153185301e+06
4.742105263157894712e-01 4.742105263157894712e-01 2.936842105263157698e-01 4.237300679996777326e+06
4.742105263157894712e-01 4.742105263157894712e-01 3.194736842105262986e-01 4.044712943229896016e+06
4.742105263157894712e-01 4.742105263157894712e-01 3.452631578947368274e-01 3.884443097173095681e+06
4.742105263157894712e-01 4.742105263157894712e-01 3.710526315789473562e-01 3.754384104773341678e+06
4.742105263157894712e-01 4.742105263157894712e-01 3.968421052631578849e-01 3.651471242717086338e+06
4.742105263157894712e-01 4.742105263157894712e-01 4.226315789473684137e-01 3.565047962396261282e+06
4.742105263157894712e-01 4.742105263157894712e-01 4.484210526315789425e-01 3.494424948008536361e+06
4.742105263157894712e-01 4.742105263157894712e-01 4.742105263157894712e-01 3.435716255265518557e+06
5.000000000000000000e-01 2.678947368421052411e-01 2.421052631578947401e-01 7.516839854359284043e+06
5.000000000000000000e-01 2.678947368421052411e-01 2.678947368421052411e-01 6.643228607999064960e+06
5.000000000000000000e-01 2.936842105263157698e-01 2.163157894736842113e-01 7.737597414211662486e+06
5.000000000000000000e-01 2.936842105263157698e-01 2.421052631578947401e-01 6.636275867584119551e+06
5.000000000000000000e-01 2.936842105263157698e-01 2.678947368421052411e-01 5.972401926154761575e+06
5.000000000000000000e-01 2.936842105263157698e-01 2.936842105263157698e-01 5.444451690605961718e+06
5.000000000000000000e-01 3.194736842105262986e-01 1.905263157894736825e-01 8.325586906136273406e+06
5.000000000000000000e-01 3.194736842105262986e-01 2.163157894736842113e-01 6.950104872448012233e+06
5.000000000000000000e-01 3.194736842105262986e-01 2.421052631578947401e-01 6.075500995525501668e+06
5.000000000000000000e-01 3.194736842105262986e-01 2.678947368421052411e-01 5.538267398281019181e+06
5.000000000000000000e-01 3.194736842105262986e-01 2.936842105263157698e-01 5.097273242381970398e+06
5.000000000000000000e-01 3.194736842105262986e-01 3.194736842105262986e-01 4.803276684903100133e+06
5.000000000000000000e-01 3.452631578947368274e-01 1.647368421052631537e-01 8.925846121107693762e+06
5.000000000000000000e-01 3.452631578947368274e-01 1.905263157894736825e-01 7.487197562210158445e+06
5.000000000000000000e-01 3.452631578947368274e-01 2.163157894736842113e-01 6.385418781210576184e+06
5.000000000000000000e-01 3.452631578947368274e-01 2.421052631578947401e-01 5.663179521366010420e+06
5.000000000000000000e-01 3.452631578947368274e-01 2.678947368421052411e-01 5.211707206504918635e+06
5.000000000000000000e-01 3.452631578947368274e-01 2.936842105263157698e-01 4.830113062304750085e+06
5.000000000000000000e-01 3.452631578947368274e-01 3.194736842105262986e-01 4.572628027411239222e+06
5.000000000000000000e-01 3.452631578947368274e-01 3.452631578947368274e-01 4.367180105555111542e+06
5.000000000000000000e-01 3.710526315789473562e-01 1.389473684210526250e-01 1.073366310648790374e+07
5.000000000000000000e-01 3.710526315789473562e-01 1.647368421052631537e-01 8.039701407094351016e+06
5.000000000000000000e-01 3.710526315789473562e-01 1.905263157894736825e-01 6.901832608156450093e+06
5.000000000000000000e-01 3.710526315789473562e-01 2.163157894736842113e-01 5.981668536639872007e+06
5.000000000000000000e-01 3.710526315789473562e-01 2.421052631578947401e-01 5.361530688936787657e+06
5.000000000000000000e-01 3.710526315789473562e-01 2.678947368421052411e-01 4.967913161539800465e+06
5.000000000000000000e-01 3.710526315789473562e-01 2.936842105263157698e-01 4.626691930180173367e+06
5.000000000000000000e-01 3.710526315789473562e-01 3.194736842105262986e-01 4.394126398494129069e+06
5.000000000000000000e-01 3.710526315789473562e-01 3.452631578947368274e-01 4.205951895345594734e+06
5.000000000000000000e-01 3.710526315789473562e-01 3.710526315789473562e-01 4.056600211418088060e+06
5.000000000000000000e-01 3.968421052631578849e-01 1.131578947368420962e-01 1.226089439281835966e+07
5.000000000000000000e-01 3.968421052631578849e-01 1.389473684210526250e-01 9.631934393135618418e+06
5.000000000000000000e-01 3.968421052631578849e-01 1.647368421052631537e-01 7.440103061537476256e+06
5.000000000000000000e-01 3.968421052631578849e-01 1.905263157894736825e-01 6.496907676007615402e+06
5.000000000000000000e-01 3.968421052631578849e-01 2.163157894736842113e-01 5.695962700980626047e+06
5.000000000000000000e-01 3.968421052631578849e-01 2.421052631578947401e-01 5.143440940902864560e+06
5.000000000000000000e-01 3.968421052631578849e-01 2.678947368421052411e-01 4.788364881688794121e+06
5.000000000000000000e-01 3.968421052631578849e-01 2.936842105263157698e-01 4.474214841980810277e+06
5.000000000000000000e-01 3.968421052631578849e-01 3.194736842105262986e-01 4.258416543853668496e+06
5.000000000000000000e-01 3.968421052631578849e-01 3.452631578947368274e-01 4.081902629609460942e+06
5.000000000000000000e-01 3.968421052631578849e-01 3.710526315789473562e-01 3.940583174056424759e+06
5.000000000000000000e-01 3.968421052631578849e-01 3.968421052631578849e-01 3.829999323745230213e+06
5.000000000000000000e-01 4.226315789473684137e-01 8.736842105263156744e-02 1.628866763584627211e+07
5.000000000000000000e-01 4.226315789473684137e-01 1.131578947368420962e-01 1.091471722276029922e+07
5.000000000000000000e-01 4.226315789473684137e-01 1.389473684210526250e-01 8.890626556295730174e+06
5.000000000000000000e-01 4.226315789473684137e-01 1.647368421052631537e-01 7.023513920501245186e+06
5.000000000000000000e-01 4.226315789473684137e-01 1.905263157894736825e-01 6.207720522411479615e+06
5.000000000000000000e-01 4.226315789473684137e-01 2.163157894736842113e-01 5.485939570167343132e+06
5.000000000000000000e-01 4.226315789473684137e-01 2.421052631578947401e-01 4.978729781329321675e+06
5.000000000000000000e-01 4.226315789473684137e-01 2.678947368421052411e-01 4.649642000119308010e+06
5.000000000000000000e-01 4.226315789473684137e-01 2.936842105263157698e-01 4.353878794416034594e+06
5.000000000000000000e-01 4.226315789473684137e-01 3.194736842105262986e-01 4.149509308633718174e+06
5.000000000000000000e-01 4.226315789473684137e-01 3.452631578947368274e-01 3.980969433970017824e+06
5.000000000000000000e-01 4.226315789473684137e-01 3.710526315789473562e-01 3.845149136898511089e+06
5.000000000000000000e-01 4.226315789473684137e-01 3.968421052631578849e-01 3.738278929780185223e+06
5.000000000000000000e-01 4.226315789473684137e-01 4.226315789473684137e-01 3.649083615989506710e+06
5.000000000000000000e-01 4.484210526315789425e-01 6.157894736842105254e-02 2.200202320564625040e+07
5.000000000000000000e-01 4.484210526315789425e-01 8.736842105263156744e-02 1.427651020659917220e+07
5.000000000000000000e-01 4.484210526315789425e-01 1.131578947368420962e-01 1.008161134048670344e+07
5.000000000000000000e-01 4.484210526315789425e-01 1.389473684210526250e-01 8.415694725737212226e+06
5.000000000000000000e-01 4.484210526315789425e-01 1.647368421052631537e-01 6.746313377679740079e+06
5.000000000000000000e-01 4.484210526315789425e-01 1.905263157894736825e-01 6.008945002736775205e+06
5.000000000000000000e-01 4.484210526315789425e-01 2.163157894736842113e-01 5.336624965000358410e+06
5.000000000000000000e-01 4.484210526315789425e-01 2.421052631578947401e-01 4.857999368041223846e+06
5.000000000000000000e-01 4.484210526315789425e-01 2.678947368421052411e-01 4.545415050647387281e+06
5.000000000000000000e-01 4.484210526315789425e-01 2.936842105263157698e-01 4.261420422061154619e+06
5.000000000000000000e-01 4.484210526315789425e-01 3.194736842105262986e-01 4.064392038561376743e+06
5.000000000000000000e-01 4.484210526315789425e-01 3.452631578947368274e-01 3.900987439016931690e+06
5.000000000000000000e-01 4.484210526315789425e-01 3.710526315789473562e-01 3.768705757601931691e+06
5.000000000000000000e-01 4.484210526315789425e-01 3.968421052631578849e-01 3.664211741925951093e+06
5.000000000000000000e-01 4.484210526315789425e-01 4.226315789473684137e-01 3.576610727197737433e+06
5.000000000000000000e-01 4.484210526315789425e-01 4.484210526315789425e-01 3.505114241717969533e+06
5.000000000000000000e-01 4.742105263157894712e-01 3.578947368421052377e-02 3.111371144945378602e+07
5.000000000000000000e-01 4.742105263157894712e-01 6.157894736842105254e-02 1.887827592261647433e+07
5.000000000000000000e-01 4.742105263157894712e-01 8.736842105263156744e-02 1.320178798627146892e+07
5.000000000000000000e-01 4.742105263157894712e-01 1.131578947368420962e-01 9.610858044633733109e+06
5.000000000000000000e-01 4.742105263157894712e-01 1.389473684210526250e-01 8.133401863343154080e+06
5.000000000000000000e-01 4.742105263157894712e-01 1.647368421052631537e-01 6.571372408979170956e+06
5.000000000000000000e-01 4.742105263157894712e-01 1.905263157894736825e-01 5.877083566517167725e+06
5.000000000000000000e-01 4.742105263157894712e-01 2.163157894736842113e-01 5.232510447703318670e+06
5.000000000000000000e-01 4.742105263157894712e-01 2.421052631578947401e-01 4.770151063417573459e+06
5.000000000000000000e-01 4.742105263157894712e-01 2.678947368421052411e-01 4.467054151312023401e+06
5.000000000000000000e-01 4.742105263157894712e-01 2.936842105263157698e-01 4.189911313381500542e+06
5.000000000000000000e-01 4.742105263157894712e-01 3.194736842105262986e-01 3.997179299179314636e+06
5.000000000000000000e-01 4.742105263157894712e-01 3.452631578947368274e-01 3.836789217083323747e+06
5.000000000000000000e-01 4.742105263157894712e-01 3.710526315789473562e-01 3.706576644213585649e+06
5.000000000000000000e-01 4.742105263157894712e-01 3.968421052631578849e-01 3.603452072149879765e+06
5.000000000000000000e-01 4.742105263157894712e-01 4.226315789473684137e-01 3.516739923288708553e+06
5.000000000000000000e-01 4.742105263157894712e-01 4.484210526315789425e-01 3.445746214677265380e+06
5.000000000000000000e-01 4.742105263157894712e-01 4.742105263157894712e-01 3.386578469796705060e+06
5.000000000000000000e-01 5.000000000000000000e-01 1.000000000000000021e-02 3.414125482597368956e+07
5.000000000000000000e-01 5.000000000000000000e-01 3.578947368421052377e-02 2.677987285813304409e+07
5.000000000000000000e-01 5.000000000000000000e-01 6.157894736842105254e-02 1.788200260123142600e+07
5.000000000000000000e-01 5.000000000000000000e-01 8.736842105263156744e-02 1.281391597465472668e+07
5.000000000000000000e-01 5.000000000000000000e-01 1.131578947368420962e-01 9.415366964204011485e+06
5.000000000000000000e-01 5.000000000000000000e-01 1.389473684210526250e-01 8.000174086964785121e+06
5.000000000000000000e-01 5.000000000000000000e-01 1.647368421052631537e-01 6.476427791406868957e+06
5.000000000000000000e-01 5.000000000000000000e-01 1.905263157894736825e-01 5.797917286907965317e+06
5.000000000000000000e-01 5.000000000000000000e-01 2.163157894736842113e-01 5.164162362216374837e+06
5.000000000000000000e-01 5.000000000000000000e-01 2.421052631578947401e-01 4.708417503728381358e+06
5.000000000000000000e-01 5.000000000000000000e-01 2.678947368421052411e-01 4.409294307298403233e+06
5.000000000000000000e-01 5.000000000000000000e-01 2.936842105263157698e-01 4.135128540238308720e+06
5.000000000000000000e-01 5.000000000000000000e-01 3.194736842105262986e-01 3.944289464352455456e+06
5.000000000000000000e-01 5.000000000000000000e-01 3.452631578947368274e-01 3.785236200993001461e+06
5.000000000000000000e-01 5.000000000000000000e-01 3.710526315789473562e-01 3.655927044073349796e+06
5.000000000000000000e-01 5.000000000000000000e-01 3.968421052631578849e-01 3.553370188584377989e+06
5.000000000000000000e-01 5.000000000000000000e-01 4.226315789473684137e-01 3.466981367030770518e+06
5.000000000000000000e-01 5.000000000000000000e-01 4.484210526315789425e-01 3.396106423280595802e+06
5.000000000000000000e-01 5.000000000000000000e-01 4.742105263157894712e-01 3.336888352693537250e+06
5.000000000000000000e-01 5.000000000000000000e-01 5.000000000000000000e-01 3.287000718238750473e+06
