1.000000000000000021e-02 1.000000000000000021e-02 1.000000000000000021e-02 1.344585597390723526e+08
3.578947368421052377e-02 3.578947368421052377e-02 1.000000000000000021e-02 1.461644084302796125e+08
3.578947368421052377e-02 3.578947368421052377e-02 3.578947368421052377e-02 8.847556328995127976e+07
6.157894736842105254e-02 3.578947368421052377e-02 3.578947368421052377e-02 2.273270905735605359e+08
6.157894736842105254e-02 6.157894736842105254e-02 1.000000000000000021e-02 1.172415755017981678e+08
6.157894736842105254e-02 6.157894736842105254e-02 3.578947368421052377e-02 7.630295755857671797e+07
6.157894736842105254e-02 6.157894736842105254e-02 6.157894736842105254e-02 4.482024335533924401e+07
8.736842105263156744e-02 6.157894736842105254e-02 3.578947368421052377e-02 1.782580728616189063e+08
8.736842105263156744e-02 6.157894736842105254e-02 6.157894736842105254e-02 5.958492960285641253e+07
8.736842105263156744e-02 8.736842105263156744e-02 1.000000000000000021e-02 9.079773409969811141e+07
8.736842105263156744e-02 8.736842105263156744e-02 3.578947368421052377e-02 6.456005004277323186e+07
8.736842105263156744e-02 8.736842105263156744e-02 6.157894736842105254e-02 3.683374186792534590e+07
8.736842105263156744e-02 8.736842105263156744e-02 8.736842105263156744e-02 2.580988856956655905e+07
1.131578947368420962e-01 6.157894736842105254e-02 6.157894736842105254e-02 1.370665201259535551e+08
1.131578947368420962e-01 8.736842105263156744e-02 3.578947368421052377e-02 1.390534517098242342e+08
1.131578947368420962e-01 8.736842105263156744e-02 6.157894736842105254e-02 5.124428052970423549e+07
1.131578947368420962e-01 8.736842105263156744e-02 8.736842105263156744e-02 2.770936584823603556e+07
1.131578947368420962e-01 1.131578947368420962e-01 1.000000000000000021e-02 6.917751833631904423e+07
1.131578947368420962e-01 1.131578947368420962e-01 3.578947368421052377e-02 5.137999632190959156e+07
1.131578947368420962e-01 1.131578947368420962e-01 6.157894736842105254e-02 3.107754474075557664e+07
1.131578947368420962e-01 1.131578947368420962e-01 8.736842105263156744e-02 2.044684475288209319e+07
1.131578947368420962e-01 1.131578947368420962e-01 1.131578947368420962e-01 1.544965619974434003e+07
1.389473684210526250e-01 8.736842105263156744e-02 6.157894736842105254e-02 9.972298758025036752e+07
1.389473684210526250e-01 8.736842105263156744e-02 8.736842105263156744e-02 4.205203489992570132e+07
1.389473684210526250e-01 1.131578947368420962e-01 3.578947368421052377e-02 9.561525846788087487e+07
1.389473684210526250e-01 1.131578947368420962e-01 6.157894736842105254e-02 3.970386325378273427e+07
1.389473684210526250e-01 1.131578947368420962e-01 8.736842105263156744e-02 2.287964786135976762e+07
1.389473684210526250e-01 1.131578947368420962e-01 1.131578947368420962e-01 1.535865931141616218e+07
1.389473684210526250e-01 1.389473684210526250e-01 1.000000000000000021e-02 5.920757124161260575e+07
1.389473684210526250e-01 1.389473684210526250e-01 3.578947368421052377e-02 4.484688786450051516e+07
1.389473684210526250e-01 1.389473684210526250e-01 6.157894736842105254e-02 2.804454732329918817e+07
1.389473684210526250e-01 1.389473684210526250e-01 8.736842105263156744e-02 1.878007727850935981e+07
1.389473684210526250e-01 1.389473684210526250e-01 1.131578947368420962e-01 1.341351030060620047e+07
1.389473684210526250e-01 1.389473684210526250e-01 1.389473684210526250e-01 1.166405045096359588e+07
1.647368421052631537e-01 8.736842105263156744e-02 8.736842105263156744e-02 7.370946001104600728e+07
1.647368421052631537e-01 1.131578947368420962e-01 6.157894736842105254e-02 7.303840833550320566e+07
1.647368421052631537e-01 1.131578947368420962e-01 8.736842105263156744e-02 3.316007555130875483e+07
1.647368421052631537e-01 1.131578947368420962e-01 1.131578947368420962e-01 1.853277586176286638e+07
1.647368421052631537e-01 1.389473684210526250e-01 3.578947368421052377e-02 8.852131753023895621e+07
1.647368421052631537e-01 1.389473684210526250e-01 6.157894736842105254e-02 3.605141387899763137e+07
1.647368421052631537e-01 1.389473684210526250e-01 8.736842105263156744e-02 2.091666151148804277e+07
1.647368421052631537e-01 1.389473684210526250e-01 1.131578947368420962e-01 1.372513722767337598e+07
1.647368421052631537e-01 1.389473684210526250e-01 1.389473684210526250e-01 1.110130872614661977e+07
1.647368421052631537e-01 1.647368421052631537e-01 1.000000000000000021e-02 4.798475596638318896e+07
1.647368421052631537e-01 1.647368421052631537e-01 3.578947368421052377e-02 3.681482389574230462e+07
1.647368421052631537e-01 1.647368421052631537e-01 6.157894736842105254e-02 2.355869233894754574e+07
1.647368421052631537e-01 1.647368421052631537e-01 8.736842105263156744e-02 1.608416826093694940e+07
1.647368421052631537e-01 1.647368421052631537e-01 1.131578947368420962e-01 1.139714198436082713e+07
1.647368421052631537e-01 1.647368421052631537e-01 1.389473684210526250e-01 9.487414428826430812e+06
1.647368421052631537e-01 1.647368421052631537e-01 1.647368421052631537e-01 8.005502527570404112e+06
1.905263157894736825e-01 1.131578947368420962e-01 8.736842105263156744e-02 5.220064356493957341e+07
1.905263157894736825e-01 1.131578947368420962e-01 1.131578947368420962e-01 2.541270051333197951e+07
1.905263157894736825e-01 1.389473684210526250e-01 6.157894736842105254e-02 6.188804333687879145e+07
1.905263157894736825e-01 1.389473684210526250e-01 8.736842105263156744e-02 2.905994611491104215e+07
1.905263157894736825e-01 1.389473684210526250e-01 1.131578947368420962e-01 1.667596298495910875e+07
1.905263157894736825e-01 1.389473684210526250e-01 1.389473684210526250e-01 1.231566156245983951e+07
1.905263157894736825e-01 1.647368421052631537e-01 3.578947368421052377e-02 6.363649445501422882e+07
1.905263157894736825e-01 1.647368421052631537e-01 6.157894736842105254e-02 2.855366704616311565e+07
1.905263157894736825e-01 1.647368421052631537e-01 8.736842105263156744e-02 1.747529776517884061e+07
1.905263157894736825e-01 1.647368421052631537e-01 1.131578947368420962e-01 1.175690208743490465e+07
1.905263157894736825e-01 1.647368421052631537e-01 1.389473684210526250e-01 9.488908359633499756e+06
1.905263157894736825e-01 1.647368421052631537e-01 1.647368421052631537e-01 7.685194772583307698e+06
1.905263157894736825e-01 1.905263157894736825e-01 1.000000000000000021e-02 4.272171603781500459e+07
1.905263157894736825e-01 1.905263157894736825e-01 3.578947368421052377e-02 3.298039885071606934e+07
1.905263157894736825e-01 1.905263157894736825e-01 6.157894736842105254e-02 2.134512181817881018e+07
1.905263157894736825e-01 1.905263157894736825e-01 8.736842105263156744e-02 1.474419115670940652e+07
1.905263157894736825e-01 1.905263157894736825e-01 1.131578947368420962e-01 1.049078327898616530e+07
1.905263157894736825e-01 1.905263157894736825e-01 1.389473684210526250e-01 8.689733427371362224e+06
1.905263157894736825e-01 1.905263157894736825e-01 1.647368421052631537e-01 7.084047960809867829e+06
1.905263157894736825e-01 1.905263157894736825e-01 1.905263157894736825e-01 6.476471948108859360e+06
2.163157894736842113e-01 1.131578947368420962e-01 1.131578947368420962e-01 3.723301876473538578e+07
2.163157894736842113e-01 1.389473684210526250e-01 8.736842105263156744e-02 4.417289874304109067e+07
2.163157894736842113e-01 1.389473684210526250e-01 1.131578947368420962e-01 2.228023762276968732e+07
2.163157894736842113e-01 1.389473684210526250e-01 1.389473684210526250e-01 1.496882412859429978e+07
2.163157894736842113e-01 1.647368421052631537e-01 6.157894736842105254e-02 4.700622446524082124e+07
2.163157894736842113e-01 1.647368421052631537e-01 8.736842105263156744e-02 2.316707912122257426e+07
2.163157894736842113e-01 1.647368421052631537e-01 1.131578947368420962e-01 1.380133029780024476e+07
2.163157894736842113e-01 1.647368421052631537e-01 1.389473684210526250e-01 1.038102395127670281e+07
2.163157894736842113e-01 1.647368421052631537e-01 1.647368421052631537e-01 7.865787732054298744e+06
2.163157894736842113e-01 1.905263157894736825e-01 3.578947368421052377e-02 5.804409668645042181e+07
2.163157894736842113e-01 1.905263157894736825e-01 6.157894736842105254e-02 2.590380517051821202e+07
2.163157894736842113e-01 1.905263157894736825e-01 8.736842105263156744e-02 1.593568529605889134e+07
2.163157894736842113e-01 1.905263157894736825e-01 1.131578947368420962e-01 1.076365210322637483e+07
2.163157894736842113e-01 1.905263157894736825e-01 1.389473684210526250e-01 8.679312056812334806e+06
2.163157894736842113e-01 1.905263157894736825e-01 1.647368421052631537e-01 6.880927782905932516e+06
2.163157894736842113e-01 1.905263157894736825e-01 1.905263157894736825e-01 6.139605223460707814e+06
2.163157894736842113e-01 2.163157894736842113e-01 1.000000000000000021e-02 3.774055619410593063e+07
2.163157894736842113e-01 2.163157894736842113e-01 3.578947368421052377e-02 2.925005021137211472e+07
2.163157894736842113e-01 2.163157894736842113e-01 6.157894736842105254e-02 1.906700482041706890e+07
2.163157894736842113e-01 2.163157894736842113e-01 8.736842105263156744e-02 1.327315057247091271e+07
2.163157894736842113e-01 2.163157894736842113e-01 1.131578947368420962e-01 9.482172781073259190e+06
2.163157894736842113e-01 2.163157894736842113e-01 1.389473684210526250e-01 7.856494178509229794e+06
2.163157894736842113e-01 2.163157894736842113e-01 1.647368421052631537e-01 6.307160407802186906e+06
2.163157894736842113e-01 2.163157894736842113e-01 1.905263157894736825e-01 5.637585540660999715e+06
2.163157894736842113e-01 2.163157894736842113e-01 2.163157894736842113e-01 5.131078026762153953e+06
2.421052631578947401e-01 1.389473684210526250e-01 1.131578947368420962e-01 3.116432187242530659e+07
2.421052631578947401e-01 1.389473684210526250e-01 1.389473684210526250e-01 1.933287925048700720e+07
2.421052631578947401e-01 1.647368421052631537e-01 8.736842105263156744e-02 3.364891288115105033e+07
2.421052631578947401e-01 1.647368421052631537e-01 1.131578947368420962e-01 1.769567981575470418e+07
2.421052631578947401e-01 1.647368421052631537e-01 1.389473684210526250e-01 1.227742860216197185e+07
2.421052631578947401e-01 1.647368421052631537e-01 1.647368421052631537e-01 8.638443648167273030e+06
2.421052631578947401e-01 1.905263157894736825e-01 6.157894736842105254e-02 4.163508862211447209e+07
2.421052631578947401e-01 1.905263157894736825e-01 8.736842105263156744e-02 2.078457326905769855e+07
2.421052631578947401e-01 1.905263157894736825e-01 1.131578947368420962e-01 1.252677511672202684e+07
2.421052631578947401e-01 1.905263157894736825e-01 1.389473684210526250e-01 9.491403456666382030e+06
2.421052631578947401e-01 1.905263157894736825e-01 1.647368421052631537e-01 7.149814095923058689e+06
2.421052631578947401e-01 1.905263157894736825e-01 1.905263157894736825e-01 6.158137831730147824e+06
2.421052631578947401e-01 2.163157894736842113e-01 3.578947368421052377e-02 4.943379139046949893e+07
2.421052631578947401e-01 2.163157894736842113e-01 6.157894736842105254e-02 2.274078086161502451e+07
2.421052631578947401e-01 2.163157894736842113e-01 8.736842105263156744e-02 1.422461483613880165e+07
2.421052631578947401e-01 2.163157894736842113e-01 1.131578947368420962e-01 9.698571446257593110e+06
2.421052631578947401e-01 2.163157894736842113e-01 1.389473684210526250e-01 7.857871015626989305e+06
2.421052631578947401e-01 2.163157894736842113e-01 1.647368421052631537e-01 6.187283970890166238e+06
2.421052631578947401e-01 2.163157894736842113e-01 1.905263157894736825e-01 5.452420467368584126e+06
2.421052631578947401e-01 2.163157894736842113e-01 2.163157894736842113e-01 4.876546159110199660e+06
2.421052631578947401e-01 2.421052631578947401e-01 1.000000000000000021e-02 3.409173556552739441e+07
2.421052631578947401e-01 2.421052631578947401e-01 3.578947368421052377e-02 2.648057525131377950e+07
2.421052631578947401e-01 2.421052631578947401e-01 6.157894736842105254e-02 1.732931857128866762e+07
2.421052631578947401e-01 2.421052631578947401e-01 8.736842105263156744e-02 1.211711269686498679e+07
2.421052631578947401e-01 2.421052631578947401e-01 1.131578947368420962e-01 8.678427925852211192e+06
2.421052631578947401e-01 2.421052631578947401e-01 1.389473684210526250e-01 7.202023730795856565e+06
2.421052631578947401e-01 2.421052631578947401e-01 1.647368421052631537e-01 5.743707394596846774e+06
2.421052631578947401e-01 2.421052631578947401e-01 1.905263157894736825e-01 5.087270804255811498e+06
2.421052631578947401e-01 2.421052631578947401e-01 2.163157894736842113e-01 4.543354903409800492e+06
2.421052631578947401e-01 2.421052631578947401e-01 2.421052631578947401e-01 4.203944030640827492e+06
2.678947368421052411e-01 1.389473684210526250e-01 1.389473684210526250e-01 2.574023692345471308e+07
2.678947368421052411e-01 1.647368421052631537e-01 1.131578947368420962e-01 2.367197568193253130e+07
2.678947368421052411e-01 1.647368421052631537e-01 1.389473684210526250e-01 1.523870103728505038e+07
2.678947368421052411e-01 1.647368421052631537e-01 1.647368421052631537e-01 9.994922294598242268e+06
2.678947368421052411e-01 1.905263157894736825e-01 8.736842105263156744e-02 2.928161945455374196e+07
2.678947368421052411e-01 1.905263157894736825e-01 1.131578947368420962e-01 1.569630030139665864e+07
2.678947368421052411e-01 1.905263157894736825e-01 1.389473684210526250e-01 1.106019886541005410e+07
2.678947368421052411e-01 1.905263157894736825e-01 1.647368421052631537e-01 7.845003492480522022e+06
2.678947368421052411e-01 1.905263157894736825e-01 1.905263157894736825e-01 6.488169058509178460e+06
2.678947368421052411e-01 2.163157894736842113e-01 6.157894736842105254e-02 3.497491337269125879e+07
2.678947368421052411e-01 2.163157894736842113e-01 8.736842105263156744e-02 1.799458209080108628e+07
2.678947368421052411e-01 2.163157894736842113e-01 1.131578947368420962e-01 1.107583979434660077e+07
2.678947368421052411e-01 2.163157894736842113e-01 1.389473684210526250e-01 8.505390284960094839e+06
2.678947368421052411e-01 2.163157894736842113e-01 1.647368421052631537e-01 6.433441982621626928e+06
2.678947368421052411e-01 2.163157894736842113e-01 1.905263157894736825e-01 5.528778842402024195e+06
2.678947368421052411e-01 2.163157894736842113e-01 2.163157894736842113e-01 4.830487069724002853e+06
2.678947368421052411e-01 2.421052631578947401e-01 3.578947368421052377e-02 4.209595006779544055e+07
2.678947368421052411e-01 2.421052631578947401e-01 6.157894736842105254e-02 2.020363318287710473e+07
2.678947368421052411e-01 2.421052631578947401e-01 8.736842105263156744e-02 1.287561333966883831e+07
2.678947368421052411e-01 2.421052631578947401e-01 1.131578947368420962e-01 8.862532031849399209e+06
2.678947368421052411e-01 2.421052631578947401e-01 1.389473684210526250e-01 7.220263641340408474e+06
2.678947368421052411e-01 2.421052631578947401e-01 1.647368421052631537e-01 5.676487797005893663e+06
2.678947368421052411e-01 2.421052631578947401e-01 1.905263157894736825e-01 4.982004596057785675e+06
2.678947368421052411e-01 2.421052631578947401e-01 2.163157894736842113e-01 4.404436532907146960e+06
2.678947368421052411e-01 2.421052631578947401e-01 2.421052631578947401e-01 4.031339543219460640e+06
2.678947368421052411e-01 2.678947368421052411e-01 1.000000000000000021e-02 3.163655485089652613e+07
2.678947368421052411e-01 2.678947368421052411e-01 3.578947368421052377e-02 2.460276620491460338e+07
2.678947368421052411e-01 2.678947368421052411e-01 6.157894736842105254e-02 1.613274831482001580e+07
2.678947368421052411e-01 2.678947368421052411e-01 8.736842105263156744e-02 1.130730179211251810e+07
2.678947368421052411e-01 2.678947368421052411e-01 1.131578947368420962e-01 8.109141193690594286e+06
2.678947368421052411e-01 2.678947368421052411e-01 1.389473684210526250e-01 6.739183467716597021e+06
2.678947368421052411e-01 2.678947368421052411e-01 1.647368421052631537e-01 5.357483104366747662e+06
2.678947368421052411e-01 2.678947368421052411e-01 1.905263157894736825e-01 4.727555085966486484e+06
2.678947368421052411e-01 2.678947368421052411e-01 2.163157894736842113e-01 4.184530257821898907e+06
2.678947368421052411e-01 2.678947368421052411e-01 2.421052631578947401e-01 3.821817234900075942e+06
2.678947368421052411e-01 2.678947368421052411e-01 2.678947368421052411e-01 3.606584225954843685e+06
2.936842105263157698e-01 1.647368421052631537e-01 1.389473684210526250e-01 1.956876773616145179e+07
2.936842105263157698e-01 1.647368421052631537e-01 1.647368421052631537e-01 1.203199599018485844e+07
2.936842105263157698e-01 1.905263157894736825e-01 1.131578947368420962e-01 2.058596492363057658e+07
2.936842105263157698e-01 1.905263157894736825e-01 1.389473684210526250e-01 1.348332951087034307e+07
2.936842105263157698e-01 1.905263157894736825e-01 1.647368421052631537e-01 8.974356534517750144e+06
2.936842105263157698e-01 1.905263157894736825e-01 1.905263157894736825e-01 7.097439996112307534e+06
2.936842105263157698e-01 2.163157894736842113e-01 8.736842105263156744e-02 2.484826320077682287e+07
2.936842105263157698e-01 2.163157894736842113e-01 1.131578947368420962e-01 1.361102197545321099e+07
2.936842105263157698e-01 2.163157894736842113e-01 1.389473684210526250e-01 9.749151515973852947e+06
2.936842105263157698e-01 2.163157894736842113e-01 1.647368421052631537e-01 6.986534462334243581e+06
2.936842105263157698e-01 2.163157894736842113e-01 1.905263157894736825e-01 5.801672624558869749e+06
2.936842105263157698e-01 2.163157894736842113e-01 2.163157894736842113e-01 4.919497612424096093e+06
2.936842105263157698e-01 2.421052631578947401e-01 6.157894736842105254e-02 3.045826759923720732e+07
2.936842105263157698e-01 2.421052631578947401e-01 8.736842105263156744e-02 1.599977150798693486e+07
2.936842105263157698e-01 2.421052631578947401e-01 1.131578947368420962e-01 9.982128094034504145e+06
2.936842105263157698e-01 2.421052631578947401e-01 1.389473684210526250e-01 7.732515917006719857e+06
2.936842105263157698e-01 2.421052631578947401e-01 1.647368421052631537e-01 5.864551763398019597e+06
2.936842105263157698e-01 2.421052631578947401e-01 1.905263157894736825e-01 5.038188712541980669e+06
2.936842105263157698e-01 2.421052631578947401e-01 2.163157894736842113e-01 4.372566823507564142e+06
2.936842105263157698e-01 2.421052631578947401e-01 2.421052631578947401e-01 3.939041288767779246e+06
2.936842105263157698e-01 2.678947368421052411e-01 3.578947368421052377e-02 3.910678328831617534e+07
2.936842105263157698e-01 2.678947368421052411e-01 6.157894736842105254e-02 1.878887374063523486e+07
2.936842105263157698e-01 2.678947368421052411e-01 8.736842105263156744e-02 1.199445832404776849e+07
2.936842105263157698e-01 2.678947368421052411e-01 1.131578947368420962e-01 8.264294248879298568e+06
2.936842105263157698e-01 2.678947368421052411e-01 1.389473684210526250e-01 6.741566853202939034e+06
2.936842105263157698e-01 2.678947368421052411e-01 1.647368421052631537e-01 5.287156492768546566e+06
2.936842105263157698e-01 2.678947368421052411e-01 1.905263157894736825e-01 4.628047191641746089e+06
2.936842105263157698e-01 2.678947368421052411e-01 2.163157894736842113e-01 4.063691192485736683e+06
2.936842105263157698e-01 2.678947368421052411e-01 2.421052631578947401e-01 3.682292780672587454e+06
2.936842105263157698e-01 2.678947368421052411e-01 2.678947368421052411e-01 3.448003444176220801e+06
2.936842105263157698e-01 2.936842105263157698e-01 1.000000000000000021e-02 2.939523110821805522e+07
2.936842105263157698e-01 2.936842105263157698e-01 3.578947368421052377e-02 2.287326570754282549e+07
2.936842105263157698e-01 2.936842105263157698e-01 6.157894736842105254e-02 1.501099116560870595e+07
2.936842105263157698e-01 2.936842105263157698e-01 8.736842105263156744e-02 1.053166036192517914e+07
2.936842105263157698e-01 2.936842105263157698e-01 1.131578947368420962e-01 7.553740978237636387e+06
2.936842105263157698e-01 2.936842105263157698e-01 1.389473684210526250e-01 6.281859019456636161e+06
2.936842105263157698e-01 2.936842105263157698e-01 1.647368421052631537e-01 4.980276669383576140e+06
2.936842105263157698e-01 2.936842105263157698e-01 1.905263157894736825e-01 4.384136747778460383e+06
2.936842105263157698e-01 2.936842105263157698e-01 2.163157894736842113e-01 3.858045758619920816e+06
2.936842105263157698e-01 2.936842105263157698e-01 2.421052631578947401e-01 3.494734722794849426e+06
2.936842105263157698e-01 2.936842105263157698e-01 2.678947368421052411e-01 3.265565502845817246e+06
2.936842105263157698e-01 2.936842105263157698e-01 2.936842105263157698e-01 3.079392228218320757e+06
3.194736842105262986e-01 1.647368421052631537e-01 1.647368421052631537e-01 1.485781891986544989e+07
3.194736842105262986e-01 1.905263157894736825e-01 1.389473684210526250e-01 1.687904254119607806e+07
3.194736842105262986e-01 1.905263157894736825e-01 1.647368421052631537e-01 1.058864008680817112e+07
3.194736842105262986e-01 1.905263157894736825e-01 1.905263157894736825e-01 8.016928431265620515e+06
3.194736842105262986e-01 2.163157894736842113e-01 1.131578947368420962e-01 1.739293363636580482e+07
3.194736842105262986e-01 2.163157894736842113e-01 1.389473684210526250e-01 1.162376196692177840e+07
3.194736842105262986e-01 2.163157894736842113e-01 1.647368421052631537e-01 7.869643100623635575e+06
3.194736842105262986e-01 2.163157894736842113e-01 1.905263157894736825e-01 6.293015708936652169e+06
3.194736842105262986e-01 2.163157894736842113e-01 2.163157894736842113e-01 5.165799818559709936e+06
3.194736842105262986e-01 2.421052631578947401e-01 8.736842105263156744e-02 2.148725535324521735e+07
3.194736842105262986e-01 2.421052631578947401e-01 1.131578947368420962e-01 1.201245747890611924e+07
3.194736842105262986e-01 2.421052631578947401e-01 1.389473684210526250e-01 8.731236624795611948e+06
3.194736842105262986e-01 2.421052631578947401e-01 1.647368421052631537e-01 6.316971942050926387e+06
3.194736842105262986e-01 2.421052631578947401e-01 1.905263157894736825e-01 5.273148782962322235e+06
3.194736842105262986e-01 2.421052631578947401e-01 2.163157894736842113e-01 4.470183701201942749e+06
3.194736842105262986e-01 2.421052631578947401e-01 2.421052631578947401e-01 3.952187955421617255e+06
3.194736842105262986e-01 2.678947368421052411e-01 6.157894736842105254e-02 2.752676326099773869e+07
3.194736842105262986e-01 2.678947368421052411e-01 8.736842105263156744e-02 1.466982085164990649e+07
3.194736842105262986e-01 2.678947368421052411e-01 1.131578947368420962e-01 9.233342806423271075e+06
3.194736842105262986e-01 2.678947368421052411e-01 1.389473684210526250e-01 7.193601344856441021e+06
3.194736842105262986e-01 2.678947368421052411e-01 1.647368421052631537e-01 5.465549135949077085e+06
3.194736842105262986e-01 2.678947368421052411e-01 1.905263157894736825e-01 4.697545974787527695e+06
3.194736842105262986e-01 2.678947368421052411e-01 2.163157894736842113e-01 4.064055386003156658e+06
3.194736842105262986e-01 2.678947368421052411e-01 2.421052631578947401e-01 3.639128351852432825e+06
3.194736842105262986e-01 2.678947368421052411e-01 2.678947368421052411e-01 3.374569815958546940e+06
3.194736842105262986e-01 2.936842105263157698e-01 3.578947368421052377e-02 3.446438151168068498e+07
3.194736842105262986e-01 2.936842105263157698e-01 6.157894736842105254e-02 1.715594938979389146e+07
3.194736842105262986e-01 2.936842105263157698e-01 8.736842105263156744e-02 1.109819915698731504e+07
3.194736842105262986e-01 2.936842105263157698e-01 1.131578947368420962e-01 7.690304088706631213e+06
3.194736842105262986e-01 2.936842105263157698e-01 1.389473684210526250e-01 6.294299426836140454e+06
3.194736842105262986e-01 2.936842105263157698e-01 1.647368421052631537e-01 4.934527798867452890e+06
3.194736842105262986e-01 2.936842105263157698e-01 1.905263157894736825e-01 4.316410364093448035e+06
3.194736842105262986e-01 2.936842105263157698e-01 2.163157894736842113e-01 3.776378131010141224e+06
3.194736842105262986e-01 2.936842105263157698e-01 2.421052631578947401e-01 3.402734203041089699e+06
3.194736842105262986e-01 2.936842105263157698e-01 2.678947368421052411e-01 3.164276119205468334e+06
3.194736842105262986e-01 2.936842105263157698e-01 2.936842105263157698e-01 2.966958196777518373e+06
3.194736842105262986e-01 3.194736842105262986e-01 1.000000000000000021e-02 2.779938357604322955e+07
3.194736842105262986e-01 3.194736842105262986e-01 3.578947368421052377e-02 2.163650134776591137e+07
3.194736842105262986e-01 3.194736842105262986e-01 6.157894736842105254e-02 1.420176792408595048e+07
3.194736842105262986e-01 3.194736842105262986e-01 8.736842105263156744e-02 9.966452902759535238e+06
3.194736842105262986e-01 3.194736842105262986e-01 1.131578947368420962e-01 7.145432140143256634e+06
3.194736842105262986e-01 3.194736842105262986e-01 1.389473684210526250e-01 5.943995426133835688e+06
3.194736842105262986e-01 3.194736842105262986e-01 1.647368421052631537e-01 4.702738810671895742e+06
3.194736842105262986e-01 3.194736842105262986e-01 1.905263157894736825e-01 4.134054929407272022e+06
3.194736842105262986e-01 3.194736842105262986e-01 2.163157894736842113e-01 3.625361203021637630e+06
3.194736842105262986e-01 3.194736842105262986e-01 2.421052631578947401e-01 3.268382936580392532e+06
3.194736842105262986e-01 3.194736842105262986e-01 2.678947368421052411e-01 3.037389449989284389e+06
3.194736842105262986e-01 3.194736842105262986e-01 2.936842105263157698e-01 2.841969202321942430e+06
3.194736842105262986e-01 3.194736842105262986e-01 3.194736842105262986e-01 2.714227671136592049e+06
3.452631578947368274e-01 1.905263157894736825e-01 1.647368421052631537e-01 1.279059200486634485e+07
3.452631578947368274e-01 1.905263157894736825e-01 1.905263157894736825e-01 9.287329244156777859e+06
3.452631578947368274e-01 2.163157894736842113e-01 1.389473684210526250e-01 1.424601450620564260e+07
3.452631578947368274e-01 2.163157894736842113e-01 1.647368421052631537e-01 9.117444380687030032e+06
3.452631578947368274e-01 2.163157894736842113e-01 1.905263157894736825e-01 7.008389184138331562e+06
3.452631578947368274e-01 2.163157894736842113e-01 2.163157894736842113e-01 5.558419780245088041e+06
3.452631578947368274e-01 2.421052631578947401e-01 1.131578947368420962e-01 1.506402406247979961e+07
3.452631578947368274e-01 2.421052631578947401e-01 1.389473684210526250e-01 1.023826645583902486e+07
3.452631578947368274e-01 2.421052631578947401e-01 1.647368421052631537e-01 7.026294983969908208e+06
3.452631578947368274e-01 2.421052631578947401e-01 1.905263157894736825e-01 5.669826369870804250e+06
3.452631578947368274e-01 2.421052631578947401e-01 2.163157894736842113e-01 4.675081220198484138e+06
3.452631578947368274e-01 2.421052631578947401e-01 2.421052631578947401e-01 4.044457330619983841e+06
3.452631578947368274e-01 2.678947368421052411e-01 8.736842105263156744e-02 1.938848902747785673e+07
3.452631578947368274e-01 2.678947368421052411e-01 1.131578947368420962e-01 1.097453338020390458e+07
3.452631578947368274e-01 2.678947368421052411e-01 1.389473684210526250e-01 8.047273082891315222e+06
3.452631578947368274e-01 2.678947368421052411e-01 1.647368421052631537e-01 5.852801568754984066e+06
3.452631578947368274e-01 2.678947368421052411e-01 1.905263157894736825e-01 4.900770723626898602e+06
3.452631578947368274e-01 2.678947368421052411e-01 2.163157894736842113e-01 4.153718144492779393e+06
3.452631578947368274e-01 2.678947368421052411e-01 2.421052631578947401e-01 3.661561159232838545e+06
3.452631578947368274e-01 2.678947368421052411e-01 2.678947368421052411e-01 3.354786554532590322e+06
3.452631578947368274e-01 2.936842105263157698e-01 6.157894736842105254e-02 2.446504759555694461e+07
3.452631578947368274e-01 2.936842105263157698e-01 8.736842105263156744e-02 1.332721851260198466e+07
3.452631578947368274e-01 2.936842105263157698e-01 1.131578947368420962e-01 8.491696112984469160e+06
3.452631578947368274e-01 2.936842105263157698e-01 1.389473684210526250e-01 6.663751659732203931e+06
3.452631578947368274e-01 2.936842105263157698e-01 1.647368421052631537e-01 5.077874029192866758e+06
3.452631578947368274e-01 2.936842105263157698e-01 1.905263157894736825e-01 4.370846826792989857e+06
3.452631578947368274e-01 2.936842105263157698e-01 2.163157894736842113e-01 3.776207097226429265e+06
3.452631578947368274e-01 2.936842105263157698e-01 2.421052631578947401e-01 3.369905658622821327e+06
3.452631578947368274e-01 2.936842105263157698e-01 2.678947368421052411e-01 3.110351499797334429e+06
3.452631578947368274e-01 2.936842105263157698e-01 2.936842105263157698e-01 2.895052087405706756e+06
3.452631578947368274e-01 3.194736842105262986e-01 3.578947368421052377e-02 3.188894425984244794e+07
3.452631578947368274e-01 3.194736842105262986e-01 6.157894736842105254e-02 1.610479277049109526e+07
3.452631578947368274e-01 3.194736842105262986e-01 8.736842105263156744e-02 1.047080330547668412e+07
3.452631578947368274e-01 3.194736842105262986e-01 1.131578947368420962e-01 7.267718575213724747e+06
3.452631578947368274e-01 3.194736842105262986e-01 1.389473684210526250e-01 5.955557376364985481e+06
3.452631578947368274e-01 3.194736842105262986e-01 1.647368421052631537e-01 4.663295941914528608e+06
3.452631578947368274e-01 3.194736842105262986e-01 1.905263157894736825e-01 4.075858457800505217e+06
3.452631578947368274e-01 3.194736842105262986e-01 2.163157894736842113e-01 3.556503152943575289e+06
3.452631578947368274e-01 3.194736842105262986e-01 2.421052631578947401e-01 3.192705275930776726e+06
3.452631578947368274e-01 3.194736842105262986e-01 2.678947368421052411e-01 2.956324960754107684e+06
3.452631578947368274e-01 3.194736842105262986e-01 2.936842105263157698e-01 2.754844766893859487e+06
3.452631578947368274e-01 3.194736842105262986e-01 3.194736842105262986e-01 2.620509254891020712e+06
3.452631578947368274e-01 3.452631578947368274e-01 1.000000000000000021e-02 2.646500078145505115e+07
3.452631578947368274e-01 3.452631578947368274e-01 3.578947368421052377e-02 2.059785160991562530e+07
3.452631578947368274e-01 3.452631578947368274e-01 6.157894736842105254e-02 1.351623147658184357e+07
3.452631578947368274e-01 3.452631578947368274e-01 8.736842105263156744e-02 9.482605153241613880e+06
3.452631578947368274e-01 3.452631578947368274e-01 1.131578947368420962e-01 6.792442797863498330e+06
3.452631578947368274e-01 3.452631578947368274e-01 1.389473684210526250e-01 5.649596146826844662e+06
3.452631578947368274e-01 3.452631578947368274e-01 1.647368421052631537e-01 4.460762529100343585e+06
3.452631578947368274e-01 3.452631578947368274e-01 1.905263157894736825e-01 3.916662756414283998e+06
3.452631578947368274e-01 3.452631578947368274e-01 2.163157894736842113e-01 3.425579385086430237e+06
3.452631578947368274e-01 3.452631578947368274e-01 2.421052631578947401e-01 3.077775320351696108e+06
3.452631578947368274e-01 3.452631578947368274e-01 2.678947368421052411e-01 2.849756226218694821e+06
3.452631578947368274e-01 3.452631578947368274e-01 2.936842105263157698e-01 2.652516975582409184e+06
3.452631578947368274e-01 3.452631578947368274e-01 3.194736842105262986e-01 2.518871958113329019e+06
3.452631578947368274e-01 3.452631578947368274e-01 3.452631578947368274e-01 2.415307398795033805e+06
3.710526315789473562e-01 1.905263157894736825e-01 1.905263157894736825e-01 1.097389979191150330e+07
3.710526315789473562e-01 2.163157894736842113e-01 1.647368421052631537e-01 1.079311953962028399e+07
3.710526315789473562e-01 2.163157894736842113e-01 1.905263157894736825e-01 7.977913100799897686e+06
3.710526315789473562e-01 2.163157894736842113e-01 2.163157894736842113e-01 6.110900768107093871e+06
3.710526315789473562e-01 2.421052631578947401e-01 1.389473684210526250e-01 1.232563290311852843e+07
3.710526315789473562e-01 2.421052631578947401e-01 1.647368421052631537e-01 8.018822020397825167e+06
3.710526315789473562e-01 2.421052631578947401e-01 1.905263157894736825e-01 6.239986736364431679e+06
3.710526315789473562e-01 2.421052631578947401e-01 2.163157894736842113e-01 4.992010841269657016e+06
3.710526315789473562e-01 2.421052631578947401e-01 2.421052631578947401e-01 4.216855205458736047e+06
3.710526315789473562e-01 2.678947368421052411e-01 1.131578947368420962e-01 1.356194592904937454e+07
3.710526315789473562e-01 2.678947368421052411e-01 1.389473684210526250e-01 9.322772819794699550e+06
3.710526315789473562e-01 2.678947368421052411e-01 1.647368421052631537e-01 6.453634848275991157e+06
3.710526315789473562e-01 2.678947368421052411e-01 1.905263157894736825e-01 5.238392904302919284e+06
3.710526315789473562e-01 2.678947368421052411e-01 2.163157894736842113e-01 4.331915727132447064e+06
3.710526315789473562e-01 2.678947368421052411e-01 2.421052631578947401e-01 3.748090745623282623e+06
3.710526315789473562e-01 2.678947368421052411e-01 2.678947368421052411e-01 3.386459696281635202e+06
3.710526315789473562e-01 2.936842105263157698e-01 8.736842105263156744e-02 1.726761719308432937e+07
3.710526315789473562e-01 2.936842105263157698e-01 1.131578947368420962e-01 9.941878010768715292e+06
3.710526315789473562e-01 2.936842105263157698e-01 1.389473684210526250e-01 7.372092557835465297e+06
3.710526315789473562e-01 2.936842105263157698e-01 1.647368421052631537e-01 5.398413866016216576e+06
3.710526315789473562e-01 2.936842105263157698e-01 1.905263157894736825e-01 4.539195150120420381e+06
3.710526315789473562e-01 2.936842105263157698e-01 2.163157894736842113e-01 3.852074594665633049e+06
3.710526315789473562e-01 2.936842105263157698e-01 2.421052631578947401e-01 3.392381606957817450e+06
3.710526315789473562e-01 2.936842105263157698e-01 2.678947368421052411e-01 3.100640814282246400e+06
3.710526315789473562e-01 2.936842105263157698e-01 2.936842105263157698e-01 2.860661511544619687e+06
3.710526315789473562e-01 3.194736842105262986e-01 6.157894736842105254e-02 2.249097869515964761e+07
3.710526315789473562e-01 3.194736842105262986e-01 8.736842105263156744e-02 1.241874883164631948e+07
3.710526315789473562e-01 3.194736842105262986e-01 1.131578947368420962e-01 7.968393937823880464e+06
3.710526315789473562e-01 3.194736842105262986e-01 1.389473684210526250e-01 6.278767236205309629e+06
3.710526315789473562e-01 3.194736842105262986e-01 1.647368421052631537e-01 4.789884512735644355e+06
3.710526315789473562e-01 3.194736842105262986e-01 1.905263157894736825e-01 4.125549780837127473e+06
3.710526315789473562e-01 3.194736842105262986e-01 2.163157894736842113e-01 3.559912400073589757e+06
3.710526315789473562e-01 3.194736842105262986e-01 2.421052631578947401e-01 3.169383527302501723e+06
3.710526315789473562e-01 3.194736842105262986e-01 2.678947368421052411e-01 2.916662468959314283e+06
3.710526315789473562e-01 3.194736842105262986e-01 2.936842105263157698e-01 2.702196003309394233e+06
3.710526315789473562e-01 3.194736842105262986e-01 3.194736842105262986e-01 2.557734251075465232e+06
3.710526315789473562e-01 3.452631578947368274e-01 3.578947368421052377e-02 2.955071413683268800e+07
3.710526315789473562e-01 3.452631578947368274e-01 6.157894736842105254e-02 1.518562329869803973e+07
3.710526315789473562e-01 3.452631578947368274e-01 8.736842105263156744e-02 9.928598909950027242e+06
3.710526315789473562e-01 3.452631578947368274e-01 1.131578947368420962e-01 6.902936463776167482e+06
3.710526315789473562e-01 3.452631578947368274e-01 1.389473684210526250e-01 5.662385846775840968e+06
3.710526315789473562e-01 3.452631578947368274e-01 1.647368421052631537e-01 4.428764395055968314e+06
3.710526315789473562e-01 3.452631578947368274e-01 1.905263157894736825e-01 3.868364673118525650e+06
3.710526315789473562e-01 3.452631578947368274e-01 2.163157894736842113e-01 3.368622784186387435e+06
3.710526315789473562e-01 3.452631578947368274e-01 2.421052631578947401e-01 3.015911753595610149e+06
3.710526315789473562e-01 3.452631578947368274e-01 2.678947368421052411e-01 2.784524727475234307e+06
3.710526315789473562e-01 3.452631578947368274e-01 2.936842105263157698e-01 2.583848396643924993e+06
3.710526315789473562e-01 3.452631578947368274e-01 3.194736842105262986e-01 2.446650989336642902e+06
3.710526315789473562e-01 3.452631578947368274e-01 3.452631578947368274e-01 2.338881200216365047e+06
3.710526315789473562e-01 3.710526315789473562e-01 1.000000000000000021e-02 2.537175296115474775e+07
3.710526315789473562e-01 3.710526315789473562e-01 3.578947368421052377e-02 1.974412536075685546e+07
3.710526315789473562e-01 3.710526315789473562e-01 6.157894736842105254e-02 1.294907482763006911e+07
3.710526315789473562e-01 3.710526315789473562e-01 8.736842105263156744e-02 9.079189171348096803e+06
3.710526315789473562e-01 3.710526315789473562e-01 1.131578947368420962e-01 6.495915523233106360e+06
3.710526315789473562e-01 3.710526315789473562e-01 1.389473684210526250e-01 5.400769851164730266e+06
3.710526315789473562e-01 3.710526315789473562e-01 1.647368421052631537e-01 4.255883172806317918e+06
3.710526315789473562e-01 3.710526315789473562e-01 1.905263157894736825e-01 3.732689354362632148e+06
3.710526315789473562e-01 3.710526315789473562e-01 2.163157894736842113e-01 3.257581338751630392e+06
3.710526315789473562e-01 3.710526315789473562e-01 2.421052631578947401e-01 2.919250532140387688e+06
3.710526315789473562e-01 3.710526315789473562e-01 2.678947368421052411e-01 2.695903049464921467e+06
3.710526315789473562e-01 3.710526315789473562e-01 2.936842105263157698e-01 2.500120248570107855e+06
3.710526315789473562e-01 3.710526315789473562e-01 3.194736842105262986e-01 2.365019481949537992e+06
3.710526315789473562e-01 3.710526315789473562e-01 3.452631578947368274e-01 2.257462685644184239e+06
3.710526315789473562e-01 3.710526315789473562e-01 3.710526315789473562e-01 2.174686142878255807e+06
3.968421052631578849e-01 2.163157894736842113e-01 1.905263157894736825e-01 9.242906768102934584e+06
3.968421052631578849e-01 2.163157894736842113e-01 2.163157894736842113e-01 6.842271240545084700e+06
3.968421052631578849e-01 2.421052631578947401e-01 1.647368421052631537e-01 9.335182584196077660e+06
3.968421052631578849e-01 2.421052631578947401e-01 1.905263157894736825e-01 7.002096187238672748e+06
3.968421052631578849e-01 2.421052631578947401e-01 2.163157894736842113e-01 5.428779322169261053e+06
3.968421052631578849e-01 2.421052631578947401e-01 2.421052631578947401e-01 4.471838303426105529e+06
3.968421052631578849e-01 2.678947368421052411e-01 1.389473684210526250e-01 1.106785986501135118e+07
3.968421052631578849e-01 2.678947368421052411e-01 1.647368421052631537e-01 7.283589664330707863e+06
3.968421052631578849e-01 2.678947368421052411e-01 1.905263157894736825e-01 5.716168313634427264e+06
3.968421052631578849e-01 2.678947368421052411e-01 2.163157894736842113e-01 4.600079127588585019e+06
3.968421052631578849e-01 2.678947368421052411e-01 2.421052631578947401e-01 3.898063864304150455e+06
3.968421052631578849e-01 2.678947368421052411e-01 2.678947368421052411e-01 3.467673867110983003e+06
3.968421052631578849e-01 2.936842105263157698e-01 1.131578947368420962e-01 1.208350518448891677e+07
3.968421052631578849e-01 2.936842105263157698e-01 1.389473684210526250e-01 8.425810797706389800e+06
3.968421052631578849e-01 2.936842105263157698e-01 1.647368421052631537e-01 5.894335868446150795e+06
3.968421052631578849e-01 2.936842105263157698e-01 1.905263157894736825e-01 4.818114970359198749e+06
3.968421052631578849e-01 2.936842105263157698e-01 2.163157894736842113e-01 4.000671295846445952e+06
3.968421052631578849e-01 2.936842105263157698e-01 2.421052631578947401e-01 3.467070000645502005e+06
3.968421052631578849e-01 2.936842105263157698e-01 2.678947368421052411e-01 3.132115742273846641e+06
3.968421052631578849e-01 2.936842105263157698e-01 2.936842105263157698e-01 2.860612304390005302e+06
3.968421052631578849e-01 3.194736842105262986e-01 8.736842105263156744e-02 1.581974409090656601e+07
3.968421052631578849e-01 3.194736842105262986e-01 1.131578947368420962e-01 9.220096669788282365e+06
3.968421052631578849e-01 3.194736842105262986e-01 1.389473684210526250e-01 6.890266019874870777e+06
3.968421052631578849e-01 3.194736842105262986e-01 1.647368421052631537e-01 5.067652844129325822e+06
3.968421052631578849e-01 3.194736842105262986e-01 1.905263157894736825e-01 4.272689458245593123e+06
3.968421052631578849e-01 3.194736842105262986e-01 2.163157894736842113e-01 3.628413869051170535e+06
3.968421052631578849e-01 3.194736842105262986e-01 2.421052631578947401e-01 3.193200192313747946e+06
3.968421052631578849e-01 3.194736842105262986e-01 2.678947368421052411e-01 2.914254181365317199e+06
3.968421052631578849e-01 3.194736842105262986e-01 2.936842105263157698e-01 2.680461776569367386e+06
3.968421052631578849e-01 3.194736842105262986e-01 3.194736842105262986e-01 2.522493095712244045e+06
3.968421052631578849e-01 3.452631578947368274e-01 6.157894736842105254e-02 2.070780904184927419e+07
3.968421052631578849e-01 3.452631578947368274e-01 8.736842105263156744e-02 1.161486927269417979e+07
3.968421052631578849e-01 3.452631578947368274e-01 1.131578947368420962e-01 7.510782254032874480e+06
3.968421052631578849e-01 3.452631578947368274e-01 1.389473684210526250e-01 5.943673982323810458e+06
3.968421052631578849e-01 3.452631578947368274e-01 1.647368421052631537e-01 4.540341952820971608e+06
3.968421052631578849e-01 3.452631578947368274e-01 1.905263157894736825e-01 3.913735511354680173e+06
3.968421052631578849e-01 3.452631578947368274e-01 2.163157894736842113e-01 3.374623507992259692e+06
3.968421052631578849e-01 3.452631578947368274e-01 2.421052631578947401e-01 2.999667413579105865e+06
3.968421052631578849e-01 3.452631578947368274e-01 2.678947368421052411e-01 2.755177128277891316e+06
3.968421052631578849e-01 3.452631578947368274e-01 2.936842105263157698e-01 2.544638212415371556e+06
3.968421052631578849e-01 3.452631578947368274e-01 3.194736842105262986e-01 2.400269602059169672e+06
3.968421052631578849e-01 3.452631578947368274e-01 3.452631578947368274e-01 2.286246663024317473e+06
3.968421052631578849e-01 3.710526315789473562e-01 3.578947368421052377e-02 2.748337860266794264e+07
3.968421052631578849e-01 3.710526315789473562e-01 6.157894736842105254e-02 1.440037042734234221e+07
3.968421052631578849e-01 3.710526315789473562e-01 8.736842105263156744e-02 9.471346446648903191e+06
3.968421052631578849e-01 3.710526315789473562e-01 1.131578947368420962e-01 6.596258837761951610e+06
3.968421052631578849e-01 3.710526315789473562e-01 1.389473684210526250e-01 5.415683971687475219e+06
3.968421052631578849e-01 3.710526315789473562e-01 1.647368421052631537e-01 4.231512796125194058e+06
3.968421052631578849e-01 3.710526315789473562e-01 1.905263157894736825e-01 3.694031767022790853e+06
3.968421052631578849e-01 3.710526315789473562e-01 2.163157894736842113e-01 3.211588801009427756e+06
3.968421052631578849e-01 3.710526315789473562e-01 2.421052631578947401e-01 2.869429731794341933e+06
3.968421052631578849e-01 3.710526315789473562e-01 2.678947368421052411e-01 2.643768655558441766e+06
3.968421052631578849e-01 3.710526315789473562e-01 2.936842105263157698e-01 2.445904724994107150e+06
3.968421052631578849e-01 3.710526315789473562e-01 3.194736842105262986e-01 2.308812794024607167e+06
3.968421052631578849e-01 3.710526315789473562e-01 3.452631578947368274e-01 2.198963065303417388e+06
3.968421052631578849e-01 3.710526315789473562e-01 3.710526315789473562e-01 2.113486946547781117e+06
3.968421052631578849e-01 3.968421052631578849e-01 1.000000000000000021e-02 2.449191688995520398e+07
3.968421052631578849e-01 3.968421052631578849e-01 3.578947368421052377e-02 1.905537813701878488e+07
3.968421052631578849e-01 3.968421052631578849e-01 6.157894736842105254e-02 1.248927935579358786e+07
3.968421052631578849e-01 3.968421052631578849e-01 8.736842105263156744e-02 8.750233138330467045e+06
3.968421052631578849e-01 3.968421052631578849e-01 1.131578947368420962e-01 6.252731730424311012e+06
3.968421052631578849e-01 3.968421052631578849e-01 1.389473684210526250e-01 5.195743205174105242e+06
3.968421052631578849e-01 3.968421052631578849e-01 1.647368421052631537e-01 4.086727291069254745e+06
3.968421052631578849e-01 3.968421052631578849e-01 1.905263157894736825e-01 3.580716128530876245e+06
3.968421052631578849e-01 3.968421052631578849e-01 2.163157894736842113e-01 3.119253046813104767e+06
3.968421052631578849e-01 3.968421052631578849e-01 2.421052631578947401e-01 2.789544565026668832e+06
3.968421052631578849e-01 3.968421052631578849e-01 2.678947368421052411e-01 2.571082048329671845e+06
3.968421052631578849e-01 3.968421052631578849e-01 2.936842105263157698e-01 2.377964520909368526e+06
3.968421052631578849e-01 3.968421052631578849e-01 3.194736842105262986e-01 2.243382484088289086e+06
3.968421052631578849e-01 3.968421052631578849e-01 3.452631578947368274e-01 2.134636110737579409e+06
3.968421052631578849e-01 3.968421052631578849e-01 3.710526315789473562e-01 2.049126455961421132e+06
3.968421052631578849e-01 3.968421052631578849e-01 3.968421052631578849e-01 1.983799115087525686e+06
4.226315789473684137e-01 2.163157894736842113e-01 2.163157894736842113e-01 7.782518906562864780e+06
4.226315789473684137e-01 2.421052631578947401e-01 1.905263157894736825e-01 7.987415355292961001e+06
4.226315789473684137e-01 2.421052631578947401e-01 2.163157894736842113e-01 5.999352674617331475e+06
4.226315789473684137e-01 2.421052631578947401e-01 2.421052631578947401e-01 4.814715903383998200e+06
4.226315789473684137e-01 2.678947368421052411e-01 1.647368421052631537e-01 8.376666433994298801e+06
4.226315789473684137e-01 2.678947368421052411e-01 1.905263157894736825e-01 6.348665416293740273e+06
4.226315789473684137e-01 2.678947368421052411e-01 2.163157894736842113e-01 4.963375594094002619e+06
4.226315789473684137e-01 2.678947368421052411e-01 2.421052631578947401e-01 4.111973933816980571e+06
4.226315789473684137e-01 2.678947368421052411e-01 2.678947368421052411e-01 3.596297457302381750e+06
4.226315789473684137e-01 2.936842105263157698e-01 1.389473684210526250e-01 9.867375644353169948e+06
4.226315789473684137e-01 2.936842105263157698e-01 1.647368421052631537e-01 6.578247401364577934e+06
4.226315789473684137e-01 2.936842105263157698e-01 1.905263157894736825e-01 5.210866828432889655e+06
4.226315789473684137e-01 2.936842105263157698e-01 2.163157894736842113e-01 4.221050964566905983e+06
4.226315789473684137e-01 2.936842105263157698e-01 2.421052631578947401e-01 3.591034490920846350e+06
4.226315789473684137e-01 2.936842105263157698e-01 2.678947368421052411e-01 3.200720844295117538e+06
4.226315789473684137e-01 2.936842105263157698e-01 2.936842105263157698e-01 2.889982844143410679e+06
4.226315789473684137e-01 3.194736842105262986e-01 1.131578947368420962e-01 1.106913149671580084e+07
4.226315789473684137e-01 3.194736842105262986e-01 1.389473684210526250e-01 7.798315268377192318e+06
4.226315789473684137e-01 3.194736842105262986e-01 1.647368421052631537e-01 5.494365746073046699e+06
4.226315789473684137e-01 3.194736842105262986e-01 1.905263157894736825e-01 4.512434078700968996e+06
4.226315789473684137e-01 3.194736842105262986e-01 2.163157894736842113e-01 3.756545168708944228e+06
4.226315789473684137e-01 3.194736842105262986e-01 2.421052631578947401e-01 3.258599403504878748e+06
4.226315789473684137e-01 3.194736842105262986e-01 2.678947368421052411e-01 2.943501737431809772e+06
4.226315789473684137e-01 3.194736842105262986e-01 2.936842105263157698e-01 2.683940854142047465e+06
4.226315789473684137e-01 3.194736842105262986e-01 3.194736842105262986e-01 2.508848597948493436e+06
4.226315789473684137e-01 3.452631578947368274e-01 8.736842105263156744e-02 1.457389002449455298e+07
4.226315789473684137e-01 3.452631578947368274e-01 1.131578947368420962e-01 8.598405555076511577e+06
4.226315789473684137e-01 3.452631578947368274e-01 1.389473684210526250e-01 6.473890512634480372e+06
4.226315789473684137e-01 3.452631578947368274e-01 1.647368421052631537e-01 4.780757969906844199e+06
4.226315789473684137e-01 3.452631578947368274e-01 1.905263157894736825e-01 4.040896657639240846e+06
4.226315789473684137e-01 3.452631578947368274e-01 2.163157894736842113e-01 3.434084199839807581e+06
4.226315789473684137e-01 3.452631578947368274e-01 2.421052631578947401e-01 3.021067141683592461e+06
4.226315789473684137e-01 3.452631578947368274e-01 2.678947368421052411e-01 2.754618751086751930e+06
4.226315789473684137e-01 3.452631578947368274e-01 2.936842105263157698e-01 2.528345041750454344e+06
4.226315789473684137e-01 3.452631578947368274e-01 3.194736842105262986e-01 2.373408832948071882e+06
4.226315789473684137e-01 3.452631578947368274e-01 3.452631578947368274e-01 2.251079545558575541e+06
4.226315789473684137e-01 3.710526315789473562e-01 6.157894736842105254e-02 1.924242442557285726e+07
4.226315789473684137e-01 3.710526315789473562e-01 8.736842105263156744e-02 1.094946481712485850e+07
4.226315789473684137e-01 3.710526315789473562e-01 1.131578947368420962e-01 7.128635652049301192e+06
4.226315789473684137e-01 3.710526315789473562e-01 1.389473684210526250e-01 5.661603345974475145e+06
4.226315789473684137e-01 3.710526315789473562e-01 1.647368421052631537e-01 4.328968884434306994e+06
4.226315789473684137e-01 3.710526315789473562e-01 1.905263157894736825e-01 3.733651014555514324e+06
4.226315789473684137e-01 3.710526315789473562e-01 2.163157894736842113e-01 3.217132377525161020e+06
4.226315789473684137e-01 3.710526315789473562e-01 2.421052631578947401e-01 2.856006099470124114e+06
4.226315789473684137e-01 3.710526315789473562e-01 2.678947368421052411e-01 2.619440865929675288e+06
4.226315789473684137e-01 3.710526315789473562e-01 2.936842105263157698e-01 2.413697235318779945e+06
4.226315789473684137e-01 3.710526315789473562e-01 3.194736842105262986e-01 2.271171928063954227e+06
4.226315789473684137e-01 3.710526315789473562e-01 3.452631578947368274e-01 2.156853656228029635e+06
4.226315789473684137e-01 3.710526315789473562e-01 3.710526315789473562e-01 2.067417961730648763e+06
4.226315789473684137e-01 3.968421052631578849e-01 3.578947368421052377e-02 2.596575181777798757e+07
4.226315789473684137e-01 3.968421052631578849e-01 6.157894736842105254e-02 1.378996679642871395e+07
4.226315789473684137e-01 3.968421052631578849e-01 8.736842105263156744e-02 9.104159433751402423e+06
4.226315789473684137e-01 3.968421052631578849e-01 1.131578947368420962e-01 6.344986050210723653e+06
4.226315789473684137e-01 3.968421052631578849e-01 1.389473684210526250e-01 5.211082486324049532e+06
4.226315789473684137e-01 3.968421052631578849e-01 1.647368421052631537e-01 4.066646090466617141e+06
4.226315789473684137e-01 3.968421052631578849e-01 1.905263157894736825e-01 3.547722566933019087e+06
4.226315789473684137e-01 3.968421052631578849e-01 2.163157894736842113e-01 3.079779602119555231e+06
4.226315789473684137e-01 3.968421052631578849e-01 2.421052631578947401e-01 2.746875277877966873e+06
4.226315789473684137e-01 3.968421052631578849e-01 2.678947368421052411e-01 2.526664940593605395e+06
4.226315789473684137e-01 3.968421052631578849e-01 2.936842105263157698e-01 2.332183428800329566e+06
4.226315789473684137e-01 3.968421052631578849e-01 3.194736842105262986e-01 2.196413578132144175e+06
4.226315789473684137e-01 3.968421052631578849e-01 3.452631578947368274e-01 2.086354405191823142e+06
4.226315789473684137e-01 3.968421052631578849e-01 3.710526315789473562e-01 1.999314242150551407e+06
4.226315789473684137e-01 3.968421052631578849e-01 3.968421052631578849e-01 1.932194529144080123e+06
4.226315789473684137e-01 4.226315789473684137e-01 1.000000000000000021e-02 2.374667499838280305e+07
4.226315789473684137e-01 4.226315789473684137e-01 3.578947368421052377e-02 1.847072635219784081e+07
4.226315789473684137e-01 4.226315789473684137e-01 6.157894736842105254e-02 1.209728549899320863e+07
4.226315789473684137e-01 4.226315789473684137e-01 8.736842105263156744e-02 8.468325734099628404e+06
4.226315789473684137e-01 4.226315789473684137e-01 1.131578947368420962e-01 6.043245481628030539e+06
4.226315789473684137e-01 4.226315789473684137e-01 1.389473684210526250e-01 5.018325517933225259e+06
4.226315789473684137e-01 4.226315789473684137e-01 1.647368421052631537e-01 3.939997803975141142e+06
4.226315789473684137e-01 4.226315789473684137e-01 1.905263157894736825e-01 3.448699541805862915e+06
4.226315789473684137e-01 4.226315789473684137e-01 2.163157894736842113e-01 2.999261656043726485e+06
4.226315789473684137e-01 4.226315789473684137e-01 2.421052631578947401e-01 2.677453980926231481e+06
4.226315789473684137e-01 4.226315789473684137e-01 2.678947368421052411e-01 2.463785408698051237e+06
4.226315789473684137e-01 4.226315789473684137e-01 2.936842105263157698e-01 2.273823537465216592e+06
4.226315789473684137e-01 4.226315789473684137e-01 3.194736842105262986e-01 2.140677625194394961e+06
4.226315789473684137e-01 4.226315789473684137e-01 3.452631578947368274e-01 2.032115530899014790e+06
4.226315789473684137e-01 4.226315789473684137e-01 3.710526315789473562e-01 1.945681756862647831e+06
4.226315789473684137e-01 4.226315789473684137e-01 3.968421052631578849e-01 1.878458102555264719e+06
4.226315789473684137e-01 4.226315789473684137e-01 4.226315789473684137e-01 1.824023750970878638e+06
4.484210526315789425e-01 2.421052631578947401e-01 2.163157894736842113e-01 6.723555251684091985e+06
4.484210526315789425e-01 2.421052631578947401e-01 2.421052631578947401e-01 5.255635976178701967e+06
4.484210526315789425e-01 2.678947368421052411e-01 1.905263157894736825e-01 7.157450138918802142e+06
4.484210526315789425e-01 2.678947368421052411e-01 2.163157894736842113e-01 5.432251910573534667e+06
4.484210526315789425e-01 2.678947368421052411e-01 2.421052631578947401e-01 4.394986908054815605e+06
4.484210526315789425e-01 2.678947368421052411e-01 2.678947368421052411e-01 3.774780397002340294e+06
4.484210526315789425e-01 2.936842105263157698e-01 1.647368421052631537e-01 7.472551451891155913e+06
4.484210526315789425e-01 2.936842105263157698e-01 1.905263157894736825e-01 5.727579573249045759e+06
4.484210526315789425e-01 2.936842105263157698e-01 2.163157894736842113e-01 4.517771139203331433e+06
4.484210526315789425e-01 2.936842105263157698e-01 2.421052631578947401e-01 3.766271109562417027e+06
4.484210526315789425e-01 2.936842105263157698e-01 2.678947368421052411e-01 3.307159529286410194e+06
4.484210526315789425e-01 2.936842105263157698e-01 2.936842105263157698e-01 2.948642036078863312e+06
4.484210526315789425e-01 3.194736842105262986e-01 1.389473684210526250e-01 9.030721737231161445e+06
4.484210526315789425e-01 3.194736842105262986e-01 1.647368421052631537e-01 6.078605837647711858e+06
4.484210526315789425e-01 3.194736842105262986e-01 1.905263157894736825e-01 4.847805413809569553e+06
4.484210526315789425e-01 3.194736842105262986e-01 2.163157894736842113e-01 3.945125767886274029e+06
4.484210526315789425e-01 3.194736842105262986e-01 2.421052631578947401e-01 3.365519918290908448e+06
4.484210526315789425e-01 3.194736842105262986e-01 2.678947368421052411e-01 3.003944127225896344e+06
4.484210526315789425e-01 3.194736842105262986e-01 2.936842105263157698e-01 2.711920198903900571e+06
4.484210526315789425e-01 3.194736842105262986e-01 3.194736842105262986e-01 2.515881179235912859e+06
4.484210526315789425e-01 3.452631578947368274e-01 1.131578947368420962e-01 1.019481025240171514e+07
4.484210526315789425e-01 3.452631578947368274e-01 1.389473684210526250e-01 7.257091310164619237e+06
4.484210526315789425e-01 3.452631578947368274e-01 1.647368421052631537e-01 5.148649269546631724e+06
4.484210526315789425e-01 3.452631578947368274e-01 1.905263157894736825e-01 4.247614015806663781e+06
4.484210526315789425e-01 3.452631578947368274e-01 2.163157894736842113e-01 3.544982097175457980e+06
4.484210526315789425e-01 3.452631578947368274e-01 2.421052631578947401e-01 3.078436144140826538e+06
4.484210526315789425e-01 3.452631578947368274e-01 2.678947368421052411e-01 2.781437875160129741e+06
4.484210526315789425e-01 3.452631578947368274e-01 2.936842105263157698e-01 2.533745175167969894e+06
4.484210526315789425e-01 3.452631578947368274e-01 3.194736842105262986e-01 2.364923666250557173e+06
4.484210526315789425e-01 3.452631578947368274e-01 3.452631578947368274e-01 2.232226284177898895e+06
4.484210526315789425e-01 3.710526315789473562e-01 8.736842105263156744e-02 1.353047693359882571e+07
4.484210526315789425e-01 3.710526315789473562e-01 1.131578947368420962e-01 8.077211244955467060e+06
4.484210526315789425e-01 3.710526315789473562e-01 1.389473684210526250e-01 6.123900405272321776e+06
4.484210526315789425e-01 3.710526315789473562e-01 1.647368421052631537e-01 4.538830888254557736e+06
4.484210526315789425e-01 3.710526315789473562e-01 1.905263157894736825e-01 3.844935483643950894e+06
4.484210526315789425e-01 3.710526315789473562e-01 2.163157894736842113e-01 3.269754180846753996e+06
4.484210526315789425e-01 3.710526315789473562e-01 2.421052631578947401e-01 2.875876837516383734e+06
4.484210526315789425e-01 3.710526315789473562e-01 2.678947368421052411e-01 2.620629654483766295e+06
4.484210526315789425e-01 3.710526315789473562e-01 2.936842105263157698e-01 2.401764960567932576e+06
4.484210526315789425e-01 3.710526315789473562e-01 3.194736842105262986e-01 2.250681381818910129e+06
4.484210526315789425e-01 3.710526315789473562e-01 3.452631578947368274e-01 2.129890139491582755e+06
4.484210526315789425e-01 3.710526315789473562e-01 3.710526315789473562e-01 2.035289943325105589e+06
4.484210526315789425e-01 3.968421052631578849e-01 6.157894736842105254e-02 1.807471370543304458e+07
4.484210526315789425e-01 3.968421052631578849e-01 8.736842105263156744e-02 1.041378030600999296e+07
4.484210526315789425e-01 3.968421052631578849e-01 1.131578947368420962e-01 6.817776369359536096e+06
4.484210526315789425e-01 3.968421052631578849e-01 1.389473684210526250e-01 5.430234305581197143e+06
4.484210526315789425e-01 3.968421052631578849e-01 1.647368421052631537e-01 4.154421596305771265e+06
4.484210526315789425e-01 3.968421052631578849e-01 1.905263157894736825e-01 3.584320703406609129e+06
4.484210526315789425e-01 3.968421052631578849e-01 2.163157894736842113e-01 3.086370238330506254e+06
4.484210526315789425e-01 3.968421052631578849e-01 2.421052631578947401e-01 2.736911615693195723e+06
4.484210526315789425e-01 3.968421052631578849e-01 2.678947368421052411e-01 2.507331583322987426e+06
4.484210526315789425e-01 3.968421052631578849e-01 2.936842105263157698e-01 2.306277682870941237e+06
4.484210526315789425e-01 3.968421052631578849e-01 3.194736842105262986e-01 2.166160072033328936e+06
4.484210526315789425e-01 3.968421052631578849e-01 3.452631578947368274e-01 2.052706171932647238e+06
4.484210526315789425e-01 3.968421052631578849e-01 3.710526315789473562e-01 1.962821950722022913e+06
4.484210526315789425e-01 3.968421052631578849e-01 3.968421052631578849e-01 1.893153739257669542e+06
4.484210526315789425e-01 4.226315789473684137e-01 3.578947368421052377e-02 2.457384766025001183e+07
4.484210526315789425e-01 4.226315789473684137e-01 6.157894736842105254e-02 1.325118255773836188e+07
4.484210526315789425e-01 4.226315789473684137e-01 8.736842105263156744e-02 8.785194072696840391e+06
4.484210526315789425e-01 4.226315789473684137e-01 1.131578947368420962e-01 6.127934139627540484e+06
4.484210526315789425e-01 4.226315789473684137e-01 1.389473684210526250e-01 5.034490108837451786e+06
4.484210526315789425e-01 4.226315789473684137e-01 1.647368421052631537e-01 3.924439041530998424e+06
4.484210526315789425e-01 4.226315789473684137e-01 1.905263157894736825e-01 3.421520842542271595e+06
4.484210526315789425e-01 4.226315789473684137e-01 2.163157894736842113e-01 2.966292303381803446e+06
4.484210526315789425e-01 4.226315789473684137e-01 2.421052631578947401e-01 2.641713120373977814e+06
4.484210526315789425e-01 4.226315789473684137e-01 2.678947368421052411e-01 2.426628540469695814e+06
4.484210526315789425e-01 4.226315789473684137e-01 2.936842105263157698e-01 2.235701955733502749e+06
4.484210526315789425e-01 4.226315789473684137e-01 3.194736842105262986e-01 2.101810807652999647e+06
4.484210526315789425e-01 4.226315789473684137e-01 3.452631578947368274e-01 1.992480693799178582e+06
4.484210526315789425e-01 4.226315789473684137e-01 3.710526315789473562e-01 1.905171710467037279e+06
4.484210526315789425e-01 4.226315789473684137e-01 3.968421052631578849e-01 1.836926220940783154e+06
4.484210526315789425e-01 4.226315789473684137e-01 4.226315789473684137e-01 1.781269452285064617e+06
4.484210526315789425e-01 4.484210526315789425e-01 1.000000000000000021e-02 2.312648928802520409e+07
4.484210526315789425e-01 4.484210526315789425e-01 3.578947368421052377e-02 1.798336407921378687e+07
4.484210526315789425e-01 4.484210526315789425e-01 6.157894736842105254e-02 1.176942212797977589e+07
4.484210526315789425e-01 4.484210526315789425e-01 8.736842105263156744e-02 8.231589977394796908e+06
4.484210526315789425e-01 4.484210526315789425e-01 1.131578947368420962e-01 5.866611280230533332e+06
4.484210526315789425e-01 4.484210526315789425e-01 1.389473684210526250e-01 4.868204411052792333e+06
4.484210526315789425e-01 4.484210526315789425e-01 1.647368421052631537e-01 3.815580594976615161e+06
4.484210526315789425e-01 4.484210526315789425e-01 1.905263157894736825e-01 3.336600754511884879e+06
4.484210526315789425e-01 4.484210526315789425e-01 2.163157894736842113e-01 2.897430187638968229e+06
4.484210526315789425e-01 4.484210526315789425e-01 2.421052631578947401e-01 2.582531932843713090e+06
4.484210526315789425e-01 4.484210526315789425e-01 2.678947368421052411e-01 2.373216151868764311e+06
4.484210526315789425e-01 4.484210526315789425e-01 2.936842105263157698e-01 2.186383344081080519e+06
4.484210526315789425e-01 4.484210526315789425e-01 3.194736842105262986e-01 2.054984767642308725e+06
4.484210526315789425e-01 4.484210526315789425e-01 3.452631578947368274e-01 1.947234241925954120e+06
4.484210526315789425e-01 4.484210526315789425e-01 3.710526315789473562e-01 1.860794851287967525e+06
4.484210526315789425e-01 4.484210526315789425e-01 3.968421052631578849e-01 1.792864351544687757e+06
4.484210526315789425e-01 4.484210526315789425e-01 4.226315789473684137e-01 1.737079894098423421e+06
4.484210526315789425e-01 4.484210526315789425e-01 4.484210526315789425e-01 1.692382910524303326e+06
4.742105263157894712e-01 2.421052631578947401e-01 2.421052631578947401e-01 5.808508534640816972e+06
4.742105263157894712e-01 2.678947368421052411e-01 2.163157894736842113e-01 6.021500119676746428e+06
4.742105263157894712e-01 2.678947368421052411e-01 2.421052631578947401e-01 4.754374941462709568e+06
4.742105263157894712e-01 2.678947368421052411e-01 2.678947368421052411e-01 4.006539924671718385e+06
4.742105263157894712e-01 2.936842105263157698e-01 1.905263157894736825e-01 6.384451508037040010e+06
4.742105263157894712e-01 2.936842105263157698e-01 2.163157894736842113e-01 4.898162418708259240e+06
4.742105263157894712e-01 2.936842105263157698e-01 2.421052631578947401e-01 3.995914333198505919e+06
4.742105263157894712e-01 2.936842105263157698e-01 2.678947368421052411e-01 3.452426210409664083e+06
4.742105263157894712e-01 2.936842105263157698e-01 2.936842105263157698e-01 3.036237075507608708e+06
4.742105263157894712e-01 3.194736842105262986e-01 1.647368421052631537e-01 6.838489833905370906e+06
4.742105263157894712e-01 3.194736842105262986e-01 1.905263157894736825e-01 5.286354910271709785e+06
4.742105263157894712e-01 3.194736842105262986e-01 2.163157894736842113e-01 4.196905536780070513e+06
4.742105263157894712e-01 3.194736842105262986e-01 2.421052631578947401e-01 3.514513687893025577e+06
4.742105263157894712e-01 3.194736842105262986e-01 2.678947368421052411e-01 3.095038622464102693e+06
4.742105263157894712e-01 3.194736842105262986e-01 2.936842105263157698e-01 2.763177155923295300e+06
4.742105263157894712e-01 3.194736842105262986e-01 3.194736842105262986e-01 2.541917152132892050e+06
4.742105263157894712e-01 3.452631578947368274e-01 1.389473684210526250e-01 8.316942085611045361e+06
4.742105263157894712e-01 3.452631578947368274e-01 1.647368421052631537e-01 5.650512266977351159e+06
4.742105263157894712e-01 3.452631578947368274e-01 1.905263157894736825e-01 4.535343570770846680e+06
4.742105263157894712e-01 3.452631578947368274e-01 2.163157894736842113e-01 3.706762195766926277e+06
4.742105263157894712e-01 3.452631578947368274e-01 2.421052631578947401e-01 3.170420048982958775e+06
4.742105263157894712e-01 3.452631578947368274e-01 2.678947368421052411e-01 2.833929020263861399e+06
4.742105263157894712e-01 3.452631578947368274e-01 2.936842105263157698e-01 2.558937024084845558e+06
4.742105263157894712e-01 3.452631578947368274e-01 3.194736842105262986e-01 2.372768340335512068e+06
4.742105263157894712e-01 3.452631578947368274e-01 3.452631578947368274e-01 2.227495639686003327e+06
4.742105263157894712e-01 3.710526315789473562e-01 1.131578947368420962e-01 9.468049562712421641e+06
4.742105263157894712e-01 3.710526315789473562e-01 1.389473684210526250e-01 6.805583267576806247e+06
4.742105263157894712e-01 3.710526315789473562e-01 1.647368421052631537e-01 4.858792745520373806e+06
4.742105263157894712e-01 3.710526315789473562e-01 1.905263157894736825e-01 4.024594348167552613e+06
4.742105263157894712e-01 3.710526315789473562e-01 2.163157894736842113e-01 3.366258053554716054e+06
4.742105263157894712e-01 3.710526315789473562e-01 2.421052631578947401e-01 2.926124246367628686e+06
4.742105263157894712e-01 3.710526315789473562e-01 2.678947368421052411e-01 2.644648114691334311e+06
4.742105263157894712e-01 3.710526315789473562e-01 2.936842105263157698e-01 2.407609922283767257e+06
4.742105263157894712e-01 3.710526315789473562e-01 3.194736842105262986e-01 2.244944318406947888e+06
4.742105263157894712e-01 3.710526315789473562e-01 3.452631578947368274e-01 2.115711355843227357e+06
4.742105263157894712e-01 3.710526315789473562e-01 3.710526315789473562e-01 2.014715231893993448e+06
4.742105263157894712e-01 3.968421052631578849e-01 8.736842105263156744e-02 1.269703932717034779e+07
4.742105263157894712e-01 3.968421052631578849e-01 1.131578947368420962e-01 7.656958294376367703e+06
4.742105263157894712e-01 3.968421052631578849e-01 1.389473684210526250e-01 5.839185242089712992e+06
4.742105263157894712e-01 3.968421052631578849e-01 1.647368421052631537e-01 4.340281057415867224e+06
4.742105263157894712e-01 3.968421052631578849e-01 1.905263157894736825e-01 3.683089864465796854e+06
4.742105263157894712e-01 3.968421052631578849e-01 2.163157894736842113e-01 3.133477379156634677e+06
4.742105263157894712e-01 3.968421052631578849e-01 2.421052631578947401e-01 2.755311673786940053e+06
4.742105263157894712e-01 3.968421052631578849e-01 2.678947368421052411e-01 2.509477188668301329e+06
4.742105263157894712e-01 3.968421052631578849e-01 2.936842105263157698e-01 2.297170194858545903e+06
4.742105263157894712e-01 3.968421052631578849e-01 3.194736842105262986e-01 2.149861363249835558e+06
4.742105263157894712e-01 3.968421052631578849e-01 3.452631578947368274e-01 2.031124253356496338e+06
4.742105263157894712e-01 3.968421052631578849e-01 3.710526315789473562e-01 1.937178518424175913e+06
4.742105263157894712e-01 3.968421052631578849e-01 3.968421052631578849e-01 1.864224140058334917e+06
4.742105263157894712e-01 4.226315789473684137e-01 6.157894736842105254e-02 1.705032699060606584e+07
4.742105263157894712e-01 4.226315789473684137e-01 8.736842105263156744e-02 9.947278829523114488e+06
4.742105263157894712e-01 4.226315789473684137e-01 1.131578947368420962e-01 6.548015332119239494e+06
4.742105263157894712e-01 4.226315789473684137e-01 1.389473684210526250e-01 5.229560163518207148e+06
4.742105263157894712e-01 4.226315789473684137e-01 1.647368421052631537e-01 4.003034079397971276e+06
4.742105263157894712e-01 4.226315789473684137e-01 1.905263157894736825e-01 3.454735906983672641e+06
4.742105263157894712e-01 4.226315789473684137e-01 2.163157894736842113e-01 2.972993488754754420e+06
4.742105263157894712e-01 4.226315789473684137e-01 2.421052631578947401e-01 2.633876287949725054e+06
4.742105263157894712e-01 4.226315789473684137e-01 2.678947368421052411e-01 2.410647004336341284e+06
4.742105263157894712e-01 4.226315789473684137e-01 2.936842105263157698e-01 2.214129545025154948e+06
4.742105263157894712e-01 4.226315789473684137e-01 3.194736842105262986e-01 2.076649176503778668e+06
4.742105263157894712e-01 4.226315789473684137e-01 3.452631578947368274e-01 1.964630455200726632e+06
4.742105263157894712e-01 4.226315789473684137e-01 3.710526315789473562e-01 1.875175619293847587e+06
4.742105263157894712e-01 4.226315789473684137e-01 3.968421052631578849e-01 1.805101355791547103e+06
4.742105263157894712e-01 4.226315789473684137e-01 4.226315789473684137e-01 1.747733851861618459e+06
4.742105263157894712e-01 4.484210526315789425e-01 3.578947368421052377e-02 2.343500480005862191e+07
4.742105263157894712e-01 4.484210526315789425e-01 6.157894736842105254e-02 1.280414714333197288e+07
4.742105263157894712e-01 4.484210526315789425e-01 8.736842105263156744e-02 8.517987225226806477e+06
4.742105263157894712e-01 4.484210526315789425e-01 1.131578947368420962e-01 5.944790818093797192e+06
4.742105263157894712e-01 4.484210526315789425e-01 1.389473684210526250e-01 4.884717924173329957e+06
4.742105263157894712e-01 4.484210526315789425e-01 1.647368421052631537e-01 3.803400505104896612e+06
4.742105263157894712e-01 4.484210526315789425e-01 1.905263157894736825e-01 3.313856339592029806e+06
4.742105263157894712e-01 4.484210526315789425e-01 2.163157894736842113e-01 2.869429894866799004e+06
4.742105263157894712e-01 4.484210526315789425e-01 2.421052631578947401e-01 2.552055658618918154e+06
4.742105263157894712e-01 4.484210526315789425e-01 2.678947368421052411e-01 2.341526888982250355e+06
4.742105263157894712e-01 4.484210526315789425e-01 2.936842105263157698e-01 2.153958077190584503e+06
4.742105263157894712e-01 4.484210526315789425e-01 3.194736842105262986e-01 2.022059381604108727e+06
4.742105263157894712e-01 4.484210526315789425e-01 3.452631578947368274e-01 1.913842730005682679e+06
4.742105263157894712e-01 4.484210526315789425e-01 3.710526315789473562e-01 1.826892557333199540e+06
4.742105263157894712e-01 4.484210526315789425e-01 3.968421052631578849e-01 1.758369332577514462e+06
4.742105263157894712e-01 4.484210526315789425e-01 4.226315789473684137e-01 1.701870094039998483e+06
4.742105263157894712e-01 4.484210526315789425e-01 4.484210526315789425e-01 1.656326630093766609e+06
4.742105263157894712e-01 4.742105263157894712e-01 1.000000000000000021e-02 2.260135189060134813e+07
4.742105263157894712e-01 4.742105263157894712e-01 3.578947368421052377e-02 1.757010344120938331e+07
4.742105263157894712e-01 4.742105263157894712e-01 6.157894736842105254e-02 1.149061531198809482e+07
4.742105263157894712e-01 4.742105263157894712e-01 8.736842105263156744e-02 8.029586953978100792e+06
4.742105263157894712e-01 4.742105263157894712e-01 1.131578947368420962e-01 5.715366978863690048e+06
4.742105263157894712e-01 4.742105263157894712e-01 1.389473684210526250e-01 4.739266852133061737e+06
4.742105263157894712e-01 4.742105263157894712e-01 1.647368421052631537e-01 3.708506412639765535e+06
4.742105263157894712e-01 4.742105263157894712e-01 1.905263157894736825e-01 3.239983883683677297e+06
4.742105263157894712e-01 4.742105263157894712e-01 2.163157894736842113e-01 2.809662525443817955e+06
4.742105263157894712e-01 4.742105263157894712e-01 2.421052631578947401e-01 2.500817134177709464e+06
4.742105263157894712e-01 4.742105263157894712e-01 2.678947368421052411e-01 2.295402244660357479e+06
4.742105263157894712e-01 4.742105263157894712e-01 2.936842105263157698e-01 2.111526197146510705e+06
4.742105263157894712e-01 4.742105263157894712e-01 3.194736842105262986e-01 1.981939267372017959e+06
4.742105263157894712e-01 4.742105263157894712e-01 3.452631578947368274e-01 1.875272278986531310e+06
4.742105263157894712e-01 4.742105263157894712e-01 3.710526315789473562e-01 1.789285963349816157e+06
4.742105263157894712e-01 4.742105263157894712e-01 3.968421052631578849e-01 1.721275580426339526e+06
4.742105263157894712e-01 4.742105263157894712e-01 4.226315789473684137e-01 1.664942955970790703e+06
4.742105263157894712e-01 4.742105263157894712e-01 4.484210526315789425e-01 1.619275581852053059e+06
4.742105263157894712e-01 4.742105263157894712e-01 4.742105263157894712e-01 1.581850613104649354e+06
5.000000000000000000e-01 2.678947368421052411e-01 2.421052631578947401e-01 5.200439509504111484e+06
5.000000000000000000e-01 2.678947368421052411e-01 2.678947368421052411e-01 4.297152149125873111e+06
5.000000000000000000e-01 2.936842105263157698e-01 2.163157894736842113e-01 5.373100065395032987e+06
5.000000000000000000e-01 2.936842105263157698e-01 2.421052631578947401e-01 4.285398375624440610e+06
5.000000000000000000e-01 2.936842105263157698e-01 2.678947368421052411e-01 3.639221549048147630e+06
5.000000000000000000e-01 2.936842105263157698e-01 2.936842105263157698e-01 3.153803303525719792e+06
5.000000000000000000e-01 3.194736842105262986e-01 1.905263157894736825e-01 5.840584845125369728e+06
5.000000000000000000e-01 3.194736842105262986e-01 2.163157894736842113e-01 4.517590724292750470e+06
5.000000000000000000e-01 3.194736842105262986e-01 2.421052631578947401e-01 3.708128224220568780e+06
5.000000000000000000e-01 3.194736842105262986e-01 2.678947368421052411e-01 3.217762918992673047e+06
5.000000000000000000e-01 3.194736842105262986e-01 2.936842105263157698e-01 2.837740975555223878e+06
5.000000000000000000e-01 3.194736842105262986e-01 3.194736842105262986e-01 2.586409244133137167e+06
5.000000000000000000e-01 3.452631578947368274e-01 1.647368421052631537e-01 6.300583297880452126e+06
5.000000000000000000e-01 3.452631578947368274e-01 1.905263157894736825e-01 4.910002925657479092e+06
5.000000000000000000e-01 3.452631578947368274e-01 2.163157894736842113e-01 3.921639844875629526e+06
5.000000000000000000e-01 3.452631578947368274e-01 2.421052631578947401e-01 3.297584188190961722e+06
5.000000000000000000e-01 3.452631578947368274e-01 2.678947368421052411e-01 2.911867277748445980e+06
5.000000000000000000e-01 3.452631578947368274e-01 2.936842105263157698e-01 2.603235660282753408e+06
5.000000000000000000e-01 3.452631578947368274e-01 3.194736842105262986e-01 2.395977832219669130e+06
5.000000000000000000e-01 3.452631578947368274e-01 3.452631578947368274e-01 2.235712103326506447e+06
5.000000000000000000e-01 3.710526315789473562e-01 1.389473684210526250e-01 7.725770518928365782e+06
5.000000000000000000e-01 3.710526315789473562e-01 1.647368421052631537e-01 5.294064436901643872e+06
5.000000000000000000e-01 3.710526315789473562e-01 1.905263157894736825e-01 4.273830114947868511e+06
5.000000000000000000e-01 3.710526315789473562e-01 2.163157894736842113e-01 3.506304989930965006e+06
5.000000000000000000e-01 3.710526315789473562e-01 2.421052631578947401e-01 3.005832293691425119e+06
5.000000000000000000e-01 3.710526315789473562e-01 2.678947368421052411e-01 2.690352770169312600e+06
5.000000000000000000e-01 3.710526315789473562e-01 2.936842105263157698e-01 2.429987681689475663e+06
5.000000000000000000e-01 3.710526315789473562e-01 3.194736842105262986e-01 2.252656485236205161e+06
5.000000000000000000e-01 3.710526315789473562e-01 3.452631578947368274e-01 2.112958064748643897e+06
5.000000000000000000e-01 3.710526315789473562e-01 3.710526315789473562e-01 2.004267908443625551e+06
5.000000000000000000e-01 3.968421052631578849e-01 1.131578947368420962e-01 8.884928924596654251e+06
5.000000000000000000e-01 3.968421052631578849e-01 1.389473684210526250e-01 6.440672607369657606e+06
5.000000000000000000e-01 3.968421052631578849e-01 1.647368421052631537e-01 4.622513309255089611e+06
5.000000000000000000e-01 3.968421052631578849e-01 1.905263157894736825e-01 3.841524739747206215e+06
5.000000000000000000e-01 3.968421052631578849e-01 2.163157894736842113e-01 3.218705739456695504e+06
5.000000000000000000e-01 3.968421052631578849e-01 2.421052631578947401e-01 2.799939561537085101e+06
5.000000000000000000e-01 3.968421052631578849e-01 2.678947368421052411e-01 2.531183701349368319e+06
5.000000000000000000e-01 3.968421052631578849e-01 2.936842105263157698e-01 2.303130863490264863e+06
5.000000000000000000e-01 3.968421052631578849e-01 3.194736842105262986e-01 2.145906041032750160e+06
5.000000000000000000e-01 3.968421052631578849e-01 3.452631578947368274e-01 2.020068785107096191e+06
5.000000000000000000e-01 3.968421052631578849e-01 3.710526315789473562e-01 1.920872276367450599e+06
5.000000000000000000e-01 3.968421052631578849e-01 3.968421052631578849e-01 1.843884229612026829e+06
5.000000000000000000e-01 4.226315789473684137e-01 8.736842105263156744e-02 1.197375905994809233e+07
5.000000000000000000e-01 4.226315789473684137e-01 1.131578947368420962e-01 7.292841370412150398e+06
5.000000000000000000e-01 4.226315789473684137e-01 1.389473684210526250e-01 5.592480718938935548e+06
5.000000000000000000e-01 4.226315789473684137e-01 1.647368421052631537e-01 4.168092317384643015e+06
5.000000000000000000e-01 4.226315789473684137e-01 1.905263157894736825e-01 3.542562447332505602e+06
5.000000000000000000e-01 4.226315789473684137e-01 2.163157894736842113e-01 3.015114701243015006e+06
5.000000000000000000e-01 4.226315789473684137e-01 2.421052631578947401e-01 2.650684826461815275e+06
5.000000000000000000e-01 4.226315789473684137e-01 2.678947368421052411e-01 2.413194571173779666e+06
5.000000000000000000e-01 4.226315789473684137e-01 2.936842105263157698e-01 2.206907277338360436e+06
5.000000000000000000e-01 4.226315789473684137e-01 3.194736842105262986e-01 2.063273040320676286e+06
5.000000000000000000e-01 4.226315789473684137e-01 3.452631578947368274e-01 1.946830471656266367e+06
5.000000000000000000e-01 4.226315789473684137e-01 3.710526315789473562e-01 1.854071910405150382e+06
5.000000000000000000e-01 4.226315789473684137e-01 3.968421052631578849e-01 1.781418580802200595e+06
5.000000000000000000e-01 4.226315789473684137e-01 4.226315789473684137e-01 1.721865486880259356e+06
5.000000000000000000e-01 4.484210526315789425e-01 6.157894736842105254e-02 1.620331837077653408e+07
5.000000000000000000e-01 4.484210526315789425e-01 8.736842105263156744e-02 9.558640593448597938e+06
5.000000000000000000e-01 4.484210526315789425e-01 1.131578947368420962e-01 6.321560660187121481e+06
5.000000000000000000e-01 4.484210526315789425e-01 1.389473684210526250e-01 5.060064760569315404e+06
5.000000000000000000e-01 4.484210526315789425e-01 1.647368421052631537e-01 3.874506673685072921e+06
5.000000000000000000e-01 4.484210526315789425e-01 1.905263157894736825e-01 3.344331527896349784e+06
5.000000000000000000e-01 4.484210526315789425e-01 2.163157894736842113e-01 2.876218978437896352e+06
5.000000000000000000e-01 4.484210526315789425e-01 2.421052631578947401e-01 2.545907936378485989e+06
5.000000000000000000e-01 4.484210526315789425e-01 2.678947368421052411e-01 2.328178728909128346e+06
5.000000000000000000e-01 4.484210526315789425e-01 2.936842105263157698e-01 2.135743767783381976e+06
5.000000000000000000e-01 4.484210526315789425e-01 3.194736842105262986e-01 2.000787708619576413e+06
5.000000000000000000e-01 4.484210526315789425e-01 3.452631578947368274e-01 1.890354496557453880e+06
5.000000000000000000e-01 4.484210526315789425e-01 3.710526315789473562e-01 1.801706522775772028e+06
5.000000000000000000e-01 4.484210526315789425e-01 3.968421052631578849e-01 1.731801434771199478e+06
5.000000000000000000e-01 4.484210526315789425e-01 4.226315789473684137e-01 1.674065308711536229e+06
5.000000000000000000e-01 4.484210526315789425e-01 4.484210526315789425e-01 1.627358132839520928e+06
5.000000000000000000e-01 4.742105263157894712e-01 3.578947368421052377e-02 2.247148647671907768e+07
5.000000000000000000e-01 4.742105263157894712e-01 6.157894736842105254e-02 1.242418538884478994e+07
5.000000000000000000e-01 4.742105263157894712e-01 8.736842105263156744e-02 8.289858606537654996e+06
5.000000000000000000e-01 4.742105263157894712e-01 1.131578947368420962e-01 5.787777545729104429e+06
5.000000000000000000e-01 4.742105263157894712e-01 1.389473684210526250e-01 4.755870671424725093e+06
5.000000000000000000e-01 4.742105263157894712e-01 1.647368421052631537e-01 3.699010899817751721e+06
5.000000000000000000e-01 4.742105263157894712e-01 1.905263157894736825e-01 3.220830329216455575e+06
5.000000000000000000e-01 4.742105263157894712e-01 2.163157894736842113e-01 2.785694908584930468e+06
5.000000000000000000e-01 4.742105263157894712e-01 2.421052631578947401e-01 2.474596453158977907e+06
5.000000000000000000e-01 4.742105263157894712e-01 2.678947368421052411e-01 2.268102740385822486e+06
5.000000000000000000e-01 4.742105263157894712e-01 2.936842105263157698e-01 2.083627245169064961e+06
5.000000000000000000e-01 4.742105263157894712e-01 3.194736842105262986e-01 1.953680027757827425e+06
5.000000000000000000e-01 4.742105263157894712e-01 3.452631578947368274e-01 1.846718921200990211e+06
5.000000000000000000e-01 4.742105263157894712e-01 3.710526315789473562e-01 1.760430847744221799e+06
5.000000000000000000e-01 4.742105263157894712e-01 3.968421052631578849e-01 1.692075158887474332e+06
5.000000000000000000e-01 4.742105263157894712e-01 4.226315789473684137e-01 1.635322187772043515e+06
5.000000000000000000e-01 4.742105263157894712e-01 4.484210526315789425e-01 1.589150543082640972e+06
5.000000000000000000e-01 4.742105263157894712e-01 4.742105263157894712e-01 1.551125871182198171e+06
5.000000000000000000e-01 5.000000000000000000e-01 1.000000000000000021e-02 2.215221553708884493e+07
5.000000000000000000e-01 5.000000000000000000e-01 3.578947368421052377e-02 1.721622373985497653e+07
5.000000000000000000e-01 5.000000000000000000e-01 6.157894736842105254e-02 1.125129267882620171e+07
5.000000000000000000e-01 5.000000000000000000e-01 8.736842105263156744e-02 7.855688581560051069e+06
5.000000000000000000e-01 5.000000000000000000e-01 1.131578947368420962e-01 5.584778674110313877e+06
5.000000000000000000e-01 5.000000000000000000e-01 1.389473684210526250e-01 4.627644039456788450e+06
5.000000000000000000e-01 5.000000000000000000e-01 1.647368421052631537e-01 3.615642436227755155e+06
5.000000000000000000e-01 5.000000000000000000e-01 1.905263157894736825e-01 3.156068563299149275e+06
5.000000000000000000e-01 5.000000000000000000e-01 2.163157894736842113e-01 2.733410502244327217e+06
5.000000000000000000e-01 5.000000000000000000e-01 2.421052631578947401e-01 2.429867189944619313e+06
5.000000000000000000e-01 5.000000000000000000e-01 2.678947368421052411e-01 2.227919070728398860e+06
5.000000000000000000e-01 5.000000000000000000e-01 2.936842105263157698e-01 2.046764233239276800e+06
5.000000000000000000e-01 5.000000000000000000e-01 3.194736842105262986e-01 1.918931678483954165e+06
5.000000000000000000e-01 5.000000000000000000e-01 3.452631578947368274e-01 1.813436512795409886e+06
5.000000000000000000e-01 5.000000000000000000e-01 3.710526315789473562e-01 1.728119946437548380e+06
5.000000000000000000e-01 5.000000000000000000e-01 3.968421052631578849e-01 1.660358926513061859e+06
5.000000000000000000e-01 5.000000000000000000e-01 4.226315789473684137e-01 1.603920432661371538e+06
5.000000000000000000e-01 5.000000000000000000e-01 4.484210526315789425e-01 1.557831952490583062e+06
5.000000000000000000e-01 5.000000000000000000e-01 4.742105263157894712e-01 1.519697506040103734e+06
5.000000000000000000e-01 5.000000000000000000e-01 5.000000000000000000e-01 1.487990453792073531e+06
